<?xml version="1.0"?>
<opencv_storage>
<hist_h type_id="opencv-matrix">
  <rows>50</rows>
  <cols>1</cols>
  <dt>f</dt>
  <data>
    1.32618383e-01 5.09749306e-03 1.50417828e-03 2.05013920e-02
    1.98328681e-02 4.35097478e-02 1.41281337e-01 1.65125340e-01
    2.91309178e-01 8.34958196e-01 9.05793846e-01 9.34401095e-01
    4.53843981e-01 5.07270217e-01 4.33565438e-01 9.99999940e-01
    2.46518105e-01 1.97688013e-01 2.85376012e-01 1.59192204e-01
    1.73175484e-01 7.11977631e-02 1.09415032e-01 6.35097474e-02
    2.99721435e-02 4.15041782e-02 3.44568230e-02 1.26183843e-02
    3.62952650e-02 2.01671310e-02 5.42339832e-02 8.21448416e-02
    1.67437330e-01 2.59804994e-01 6.62952662e-03 9.88857914e-03
    4.42896923e-03 8.63509718e-04 8.52367654e-03 7.24234036e-04
    3.59331467e-03 5.84958238e-04 0. 2.45125336e-03 1.08635100e-03
    1.80501398e-02 1.39275769e-04 3.37047339e-03 8.24512541e-03
    2.78551510e-04</data></hist_h>
<hist_s type_id="opencv-matrix">
  <rows>50</rows>
  <cols>1</cols>
  <dt>f</dt>
  <data>
    5.27723014e-01 9.99999940e-01 2.61752695e-01 1.69521526e-01
    1.26628861e-01 1.30209878e-01 1.21356808e-01 1.21515960e-01
    1.73798859e-01 1.55376494e-01 1.61245391e-01 1.89396188e-01
    1.91425428e-01 2.02427119e-01 1.97911054e-01 2.15298906e-01
    2.52879739e-01 1.76046938e-01 1.71033517e-01 1.63851574e-01
    1.48632243e-01 1.34964675e-01 1.22669846e-01 1.01939715e-01
    8.15477967e-02 8.92469883e-02 5.75748533e-02 4.90400866e-02
    3.70436683e-02 3.24878134e-02 2.36745253e-02 2.06903405e-02
    1.73281599e-02 1.74276326e-02 1.19367354e-02 9.92738456e-03
    9.37033724e-03 8.57455470e-03 6.62488770e-03 6.02805102e-03
    4.47627530e-03 3.08365654e-03 1.94966677e-03 1.57167017e-03
    7.16204115e-04 8.15676816e-04 2.58629210e-04 4.17785719e-04
    -2.91038305e-11 5.29195229e-03</data></hist_s>
<hist_v type_id="opencv-matrix">
  <rows>100</rows>
  <cols>1</cols>
  <dt>f</dt>
  <data>
    0. 1.48680899e-03 2.48954049e-03 9.47408471e-03 1.55942058e-02
    4.66443077e-02 5.20383120e-02 1.09228589e-01 1.64136782e-01
    1.56668171e-01 3.13889563e-01 2.54970431e-01 3.84184510e-01
    2.41900355e-01 3.32699418e-01 1.87199622e-01 2.56837606e-01
    2.33429000e-01 1.45465240e-01 1.99751049e-01 1.24269560e-01
    1.77898422e-01 1.13827325e-01 1.62373364e-01 1.04871891e-01
    1.43044844e-01 1.35022998e-01 8.44714940e-02 1.19670831e-01
    7.56543726e-02 1.06739052e-01 6.81857467e-02 9.98236611e-02
    9.03495774e-02 5.73631637e-02 8.14978778e-02 5.57034686e-02
    7.79364482e-02 4.83385809e-02 6.90847486e-02 4.13540341e-02
    5.97835481e-02 5.74323162e-02 3.39545682e-02 5.08281179e-02
    3.12229861e-02 4.28408422e-02 2.74540987e-02 3.93831469e-02
    2.25441717e-02 3.16033363e-02 3.15687582e-02 2.14722864e-02
    3.33667584e-02 2.17143241e-02 3.64786834e-02 2.45150570e-02
    3.80000696e-02 3.44732217e-02 2.36160569e-02 3.33321840e-02
    2.02966705e-02 3.12575661e-02 2.03658231e-02 3.06006018e-02
    2.19909400e-02 3.02894078e-02 3.12575661e-02 1.70464367e-02
    2.79381759e-02 1.84986684e-02 2.44804807e-02 1.55942058e-02
    2.16797478e-02 1.31738186e-02 2.11610943e-02 2.12648250e-02
    1.44531662e-02 2.10573617e-02 1.33812800e-02 2.06424389e-02
    1.33467037e-02 2.44804807e-02 2.74886750e-02 1.60782821e-02
    2.58635581e-02 2.04004012e-02 4.19764183e-02 3.88990715e-02
    5.46315834e-02 3.54413763e-02 9.99965444e-02 1.87925726e-01
    1.28868297e-01 2.92175233e-01 2.39618272e-01 5.04477680e-01
    4.53096360e-01 9.99999940e-01 3.92828733e-01</data></hist_v>
</opencv_storage>
