<?xml version="1.0"?>
<opencv_storage>
<hist_h type_id="opencv-matrix">
  <rows>50</rows>
  <cols>1</cols>
  <dt>f</dt>
  <data>
    5.76652586e-02 1.95343029e-02 7.02193081e-02 4.95129436e-01
    2.98848778e-01 1.48721159e-01 1.88623220e-01 3.39271754e-01 1.
    6.75678492e-01 2.88274199e-01 6.58436194e-02 8.07417836e-03
    1.15122152e-02 2.13575037e-03 4.06313501e-03 4.68823244e-04
    4.16731782e-04 4.06313501e-03 1.82320154e-03 6.71980018e-03
    6.25097658e-04 2.60457373e-03 3.07339686e-03 7.29280640e-04
    2.29202490e-03 5.78215346e-03 3.59431165e-03 7.70953810e-03
    3.33385426e-03 7.39698904e-03 2.65666516e-03 5.20914728e-05
    2.38578953e-02 2.03156751e-03 1.12517579e-02 3.33385426e-03
    1.04182947e-03 1.61483570e-03 2.08365891e-04 1.25019532e-03
    1.40646973e-03 0. 9.89738037e-04 2.60457367e-04 3.59431165e-03
    5.20914728e-05 1.82320154e-03 1.30228687e-03 8.85555055e-04</data></hist_h>
<hist_s type_id="opencv-matrix">
  <rows>50</rows>
  <cols>1</cols>
  <dt>f</dt>
  <data>
    1. 5.34349680e-01 3.90175045e-01 3.11123669e-01 2.85714298e-01
    3.21663857e-01 2.93807656e-01 3.61189544e-01 4.61133093e-01
    3.77940923e-01 4.25559968e-01 4.32335794e-01 4.67720717e-01
    5.22303760e-01 5.43948770e-01 6.00978732e-01 7.55317152e-01
    6.52550340e-01 6.25823438e-01 5.85356653e-01 4.29136097e-01
    3.12064767e-01 2.53152668e-01 2.17203096e-01 2.06474692e-01
    2.62751758e-01 2.39977419e-01 2.48447210e-01 2.49576524e-01
    2.49388307e-01 2.37342373e-01 2.05533609e-01 1.55091286e-01
    1.38528138e-01 8.41332600e-02 6.38057664e-02 4.57368717e-02
    2.82326378e-02 2.31507625e-02 1.41163189e-02 1.05401846e-02
    6.21118071e-03 4.89365729e-03 4.51722229e-03 1.88217568e-03
    1.69395818e-03 1.31752319e-03 5.64652786e-04 0. 1.31752319e-03</data></hist_s>
<hist_v type_id="opencv-matrix">
  <rows>100</rows>
  <cols>1</cols>
  <dt>f</dt>
  <data>
    0. 0. 0. 0. 0. 0. 0. 0. 0. 0. 0. 3.84467508e-04 3.84467508e-04
    1.15340250e-03 3.07574007e-03 3.84467514e-03 9.22721997e-03
    1.65321026e-02 2.07612459e-02 5.03652431e-02 6.15148023e-02
    1.15724720e-01 7.88158402e-02 1.82237595e-01 1.10726640e-01
    1.62245288e-01 1.44944251e-01 1.03806227e-01 1.89158008e-01
    1.24951944e-01 2.19146475e-01 1.38408303e-01 2.27604762e-01
    2.38754317e-01 1.73394844e-01 2.41445601e-01 1.61476359e-01
    2.53364086e-01 1.78392917e-01 2.55670905e-01 1.81853130e-01
    2.62591302e-01 2.74509788e-01 1.87620148e-01 2.76432127e-01
    1.97616294e-01 3.19492489e-01 2.15686277e-01 3.44482899e-01
    2.30296031e-01 3.63321781e-01 4.06766623e-01 2.89119571e-01
    4.40215290e-01 3.28719705e-01 4.85197991e-01 3.67935419e-01
    5.95540166e-01 6.82814300e-01 4.65974629e-01 7.75470972e-01
    5.29027283e-01 8.30449820e-01 6.19377136e-01 9.34640527e-01
    6.13994598e-01 1. 9.65397894e-01 6.40907347e-01 9.10034597e-01
    5.85159540e-01 8.13533247e-01 5.05574763e-01 6.77431762e-01
    4.03306425e-01 4.87889260e-01 3.63706261e-01 2.15301812e-01
    2.68742800e-01 1.74548253e-01 2.41061121e-01 1.53787002e-01
    2.19530940e-01 2.09150329e-01 1.52249128e-01 2.01460972e-01
    1.49173394e-01 2.14148402e-01 1.18031524e-01 1.83775470e-01
    1.22645132e-01 2.54517496e-01 2.68742800e-01 1.74932718e-01
    2.90272981e-01 2.16455206e-01 3.99846196e-01 3.84467512e-01
    6.97424054e-01 5.62475979e-01</data></hist_v>
</opencv_storage>
