<?xml version="1.0"?>
<opencv_storage>
<hist_h type_id="opencv-matrix">
  <rows>50</rows>
  <cols>1</cols>
  <dt>f</dt>
  <data>
    2.36242965e-01 4.58475411e-01 1. 8.22656453e-01 2.68780529e-01
    2.20481142e-01 1.32178068e-01 6.60890341e-02 8.50769579e-02
    7.34629929e-02 4.38750125e-02 6.28629327e-02 3.47497463e-02
    3.01410258e-02 2.48870850e-02 2.50714347e-02 3.50262690e-03
    2.85740616e-03 6.45220745e-03 2.02783663e-03 8.11134651e-03
    4.60871961e-04 3.13392933e-03 2.67305737e-03 0. 8.29569530e-04
    7.55830016e-03 1.38261588e-03 1.96331460e-02 1.51165992e-01
    2.31910765e-01 2.83344090e-01 7.05134124e-02 4.50732782e-02
    3.12471204e-02 3.34593058e-02 3.64088863e-02 7.92699773e-03
    3.33671309e-02 1.76974833e-02 2.82975379e-02 1.09687522e-02
    5.62263792e-03 4.09254320e-02 3.06019001e-02 5.45672402e-02
    3.11549455e-02 6.88542724e-02 1.00654438e-01 9.37413573e-02</data></hist_h>
<hist_s type_id="opencv-matrix">
  <rows>50</rows>
  <cols>1</cols>
  <dt>f</dt>
  <data>
    5.54508753e-02 2.01615065e-01 3.14401060e-01 4.51951534e-01
    6.96904421e-01 9.00942087e-01 7.20053852e-01 7.17092872e-01 1.
    8.89636576e-01 8.92328382e-01 9.00672913e-01 9.07671571e-01
    8.94481838e-01 8.57065916e-01 7.77658105e-01 7.94078052e-01
    5.83310902e-01 4.68640625e-01 4.13458943e-01 3.40511441e-01
    2.62718707e-01 2.13728130e-01 1.55316278e-01 1.07940778e-01
    9.34051126e-02 6.29878864e-02 5.11440113e-02 3.41857336e-02
    3.55316289e-02 2.23418567e-02 1.34589504e-02 8.34454875e-03
    6.72947522e-03 4.57604323e-03 2.96096900e-03 2.69179000e-03
    1.07671600e-03 5.38357999e-04 0. 2.69179000e-04 2.69179000e-04 0.
    2.69179000e-04 2.69179000e-04 0. 0. 0. 0. 0.</data></hist_s>
<hist_v type_id="opencv-matrix">
  <rows>100</rows>
  <cols>1</cols>
  <dt>f</dt>
  <data>
    0. 0. 0. 0. 0. 0. 0. 1.22299220e-03 2.03832029e-03 1.22299220e-03
    4.48430469e-03 5.70729701e-03 1.67142265e-02 1.87525470e-02
    4.23970632e-02 4.81043607e-02 1.27191186e-01 1.67142272e-01
    1.45943746e-01 2.72727281e-01 2.29107216e-01 3.80350590e-01
    2.78434575e-01 4.45576847e-01 3.55483085e-01 5.98043203e-01
    7.06889510e-01 5.19364059e-01 7.54993856e-01 5.12433767e-01
    7.07297146e-01 4.82266605e-01 6.72645748e-01 6.76722348e-01
    4.47207481e-01 6.10680759e-01 4.17448014e-01 6.06196463e-01
    3.60375047e-01 4.86343235e-01 2.92295128e-01 3.99510801e-01
    3.77904594e-01 2.44598448e-01 3.40399504e-01 1.99347734e-01
    2.84957200e-01 1.78556859e-01 2.66204655e-01 1.67142272e-01
    2.12392986e-01 1.81410521e-01 1.23929881e-01 1.83448836e-01
    1.10884629e-01 1.50020376e-01 9.21320841e-02 1.38605788e-01
    1.72441900e-01 1.02731347e-01 1.55320019e-01 9.82470438e-02
    1.40644103e-01 1.06400326e-01 1.61434978e-01 1.04769669e-01
    1.58988982e-01 1.62250295e-01 1.12922952e-01 1.85487151e-01
    1.25152871e-01 1.95678756e-01 1.33306146e-01 2.05870360e-01
    1.46759063e-01 2.06278026e-01 2.04647362e-01 1.34121478e-01
    2.12392986e-01 1.39421120e-01 2.23399907e-01 1.32898495e-01
    1.92825109e-01 1.87117815e-01 1.10069297e-01 1.61842644e-01
    8.31634700e-02 1.08438641e-01 5.74806333e-02 7.74561763e-02
    3.38361189e-02 5.25886640e-02 4.52507138e-02 2.60905009e-02
    6.48185909e-02 6.03342839e-02 2.94333458e-01 4.39869553e-01 1.
    7.40725636e-01</data></hist_v>
</opencv_storage>
