<?xml version="1.0"?>
<opencv_storage>
<hist_h type_id="opencv-matrix">
  <rows>50</rows>
  <cols>1</cols>
  <dt>f</dt>
  <data>
    3.60819042e-01 3.95572782e-01 4.88655239e-01 1. 7.82401800e-01
    6.51466548e-01 2.29109019e-01 9.19756517e-02 1.31599337e-01
    4.21693437e-02 2.55672392e-02 1.93691216e-02 1.88157172e-03
    2.22468190e-02 6.19811844e-03 1.05146654e-02 1.32816820e-03 0.
    1.66021027e-02 2.98837875e-03 4.10625339e-02 4.42722812e-04
    2.05866080e-02 3.28721665e-02 4.98063117e-03 3.05478685e-02
    6.00996129e-02 2.18040962e-02 2.07858324e-01 3.60708356e-01
    5.97122312e-01 3.91920298e-01 4.85888235e-02 1.27504140e-01
    7.86939710e-02 7.57055879e-02 7.78085217e-02 4.42722719e-03
    5.00276722e-02 1.38350865e-02 3.08799110e-02 1.31710023e-02
    3.54178227e-03 4.09518555e-02 1.95904821e-02 9.80630890e-02
    2.15827338e-02 7.06142783e-02 7.79192075e-02 6.39734417e-02</data></hist_h>
<hist_s type_id="opencv-matrix">
  <rows>50</rows>
  <cols>1</cols>
  <dt>f</dt>
  <data>
    6.44889355e-01 1. 4.55801427e-01 2.71396816e-01 1.98688671e-01
    1.60754010e-01 1.50450766e-01 1.66022718e-01 2.12036058e-01
    2.01849893e-01 3.08628976e-01 4.02646065e-01 2.56293178e-01
    1.75857618e-01 1.45884559e-01 1.47406623e-01 1.63212731e-01
    1.22819334e-01 1.12516090e-01 9.51879174e-02 8.34796876e-02
    7.38789365e-02 7.39960149e-02 6.32244423e-02 6.40440211e-02
    7.51668364e-02 4.68329191e-02 4.90574837e-02 4.29692045e-02
    4.36716974e-02 3.84029970e-02 2.80997548e-02 2.49385331e-02
    3.58271897e-02 1.45182069e-02 1.74452644e-02 1.54548641e-02
    1.03032421e-02 9.71783139e-03 5.73703274e-03 1.05374083e-02
    8.07867944e-03 4.44912724e-03 3.16122174e-03 3.74663435e-03
    5.15162200e-03 2.69289315e-03 0. 1.99039839e-03 1.90609992e-01</data></hist_s>
<hist_v type_id="opencv-matrix">
  <rows>100</rows>
  <cols>1</cols>
  <dt>f</dt>
  <data>
    -2.32830644e-10 6.07902650e-03 1.64133720e-02 3.22188437e-02
    2.24924013e-02 5.83586618e-02 4.49848026e-02 8.99695978e-02
    1.08814582e-01 7.96352550e-02 1.33130699e-01 1.03951357e-01
    1.67781159e-01 1.21580541e-01 2.06686929e-01 1.50151968e-01
    2.37082064e-01 2.69300908e-01 1.98784187e-01 2.98480242e-01
    2.28571430e-01 3.35562289e-01 2.41337374e-01 3.52583587e-01
    2.33434647e-01 3.70212764e-01 3.42249215e-01 2.40729481e-01
    3.27051669e-01 2.47416407e-01 3.26443762e-01 2.39513665e-01
    3.67781132e-01 3.90273541e-01 2.50455916e-01 3.78723383e-01
    2.58358657e-01 4.15197551e-01 2.94224918e-01 4.24316108e-01
    2.87537992e-01 4.35258329e-01 4.60182369e-01 3.29483271e-01
    5.00911832e-01 3.75075966e-01 5.82370758e-01 3.87841940e-01
    5.84802389e-01 4.04255301e-01 6.09118462e-01 5.75075924e-01
    3.99392098e-01 6.10942185e-01 3.76291782e-01 5.48328221e-01
    3.73252273e-01 5.27051628e-01 4.92401212e-01 3.13677788e-01
    5.08206666e-01 3.05775076e-01 4.34650451e-01 2.81458944e-01
    4.19452876e-01 2.72948325e-01 4.68692988e-01 4.50455904e-01
    3.01519752e-01 4.45592701e-01 3.22188437e-01 5.34346461e-01
    3.44680846e-01 5.93313038e-01 4.12765950e-01 6.07902706e-01
    6.76595688e-01 4.62613970e-01 7.26443708e-01 5.02127588e-01
    7.67173171e-01 5.41033387e-01 8.71124566e-01 8.76595676e-01
    5.72036445e-01 8.75987768e-01 6.19452834e-01 9.05167103e-01
    6.75987780e-01 9.54407215e-01 7.22796321e-01 9.99999940e-01
    6.38905704e-01 3.00911844e-01 3.35562289e-01 1.61702126e-01
    1.88449845e-01 1.05775066e-01 1.09422483e-01 2.80851066e-01</data></hist_v>
</opencv_storage>
