<?xml version="1.0"?>
<opencv_storage>
<hist_h type_id="opencv-matrix">
  <rows>50</rows>
  <cols>1</cols>
  <dt>f</dt>
  <data>
    5.86299524e-02 1.83814660e-01 4.11954343e-01 3.44660878e-01
    1.47548705e-01 7.83075914e-02 2.79382132e-02 5.97716589e-03
    1.14842178e-02 8.79785139e-03 6.11148449e-03 9.67092067e-03
    1.74613832e-03 6.51443936e-03 5.77568868e-03 9.26796533e-03
    8.46205559e-03 1.16185360e-02 3.07588987e-02 3.99597064e-02
    7.64271319e-02 5.71524538e-02 7.12558776e-02 8.03223625e-02
    5.15110828e-02 9.31497663e-02 1.30221635e-01 1.59301564e-01 1.
    4.69039649e-01 4.63868380e-01 1.90597728e-01 2.78710537e-02
    2.27669589e-02 1.37004703e-02 9.40228347e-03 1.18871732e-02
    2.48488924e-03 1.00067165e-02 6.58159889e-03 6.85023516e-03
    1.47750182e-03 0. 1.10141039e-02 4.16386873e-03 1.20886508e-02
    5.30557428e-03 1.56480856e-02 2.18267292e-02 2.10879780e-02</data></hist_h>
<hist_s type_id="opencv-matrix">
  <rows>50</rows>
  <cols>1</cols>
  <dt>f</dt>
  <data>
    7.57997185e-02 1.74779788e-01 2.37598509e-01 3.41214657e-01
    3.97774667e-01 4.71719980e-01 5.05331457e-01 5.45665264e-01
    6.58089936e-01 5.69541037e-01 6.44645333e-01 6.75706983e-01
    8.58136296e-01 1. 6.63189590e-01 5.70700049e-01 6.58321738e-01
    4.75428820e-01 4.35095042e-01 5.03477037e-01 5.09503901e-01
    5.19703269e-01 5.29439032e-01 4.60361600e-01 4.21418637e-01
    4.43671763e-01 3.75521541e-01 3.41910064e-01 3.41446459e-01
    3.22902173e-01 2.83031970e-01 1.88687995e-01 1.29114509e-01
    9.22577679e-02 4.77515049e-02 3.80157605e-02 2.96708383e-02
    1.97032914e-02 1.57626327e-02 1.27491886e-02 7.64951296e-03
    6.02688920e-03 4.63606836e-03 6.49049599e-03 3.01344460e-03
    1.62262400e-03 3.47705139e-03 6.95410243e-04 0. 5.09967562e-03</data></hist_s>
<hist_v type_id="opencv-matrix">
  <rows>100</rows>
  <cols>1</cols>
  <dt>f</dt>
  <data>
    0. 0. 0. 3.41880339e-04 1.02564099e-03 1.02564099e-03 2.73504271e-03
    5.81196556e-03 1.43589741e-02 1.19658122e-02 4.41025645e-02
    6.35897443e-02 2.56068379e-01 3.56923074e-01 1. 7.51794875e-01
    8.54017079e-01 6.12991452e-01 3.65128189e-01 5.00854671e-01
    3.06666672e-01 4.09914523e-01 2.40683764e-01 3.66153836e-01
    2.70427346e-01 3.87350410e-01 3.89059812e-01 2.53675222e-01
    3.68205130e-01 2.54700840e-01 3.55213672e-01 2.46495724e-01
    3.34358960e-01 3.22735041e-01 2.13675216e-01 2.83760667e-01
    1.92478627e-01 2.93675214e-01 1.94529906e-01 2.71111101e-01
    1.95555553e-01 2.94017106e-01 3.09059829e-01 1.92136750e-01
    2.62222230e-01 1.88376069e-01 2.74529904e-01 1.75726488e-01
    2.93675214e-01 2.07521364e-01 3.41880351e-01 3.41196567e-01
    2.29401708e-01 3.57606828e-01 2.19145298e-01 2.96752125e-01
    1.87350422e-01 2.62564093e-01 2.50598282e-01 1.46666661e-01
    2.26324782e-01 1.49401709e-01 2.09572643e-01 1.44273505e-01
    1.99658111e-01 1.39145300e-01 2.01367512e-01 1.86324790e-01
    1.37435898e-01 1.76752135e-01 1.13504276e-01 1.66495726e-01
    1.22735038e-01 1.70598283e-01 1.18632481e-01 1.67521372e-01
    2.05128208e-01 1.34700850e-01 2.25299150e-01 2.26324782e-01
    4.14700866e-01 2.78632462e-01 3.61367524e-01 3.34017098e-01
    2.55042732e-01 4.16068375e-01 2.49914527e-01 3.87008548e-01
    2.66666651e-01 3.55555564e-01 2.03418806e-01 1.37094021e-01
    5.84615394e-02 2.25641020e-02 3.11111100e-02 1.36752138e-02
    1.70940161e-02 6.49572629e-03 8.54700804e-03 1.47008542e-02</data></hist_v>
</opencv_storage>
