<?xml version="1.0"?>
<opencv_storage>
<hist_h type_id="opencv-matrix">
  <rows>50</rows>
  <cols>1</cols>
  <dt>f</dt>
  <data>
    1.49120688e-01 2.36689951e-02 1.00578172e-02 7.09467605e-02
    8.57624710e-02 3.61358702e-01 3.42086256e-01 9.47964415e-02
    3.35039735e-01 5.22524714e-01 1. 5.50228894e-01 1.85678139e-01
    1.97422311e-01 5.50469756e-02 6.17923401e-02 2.66200919e-02
    1.68634057e-02 5.96844144e-02 3.11370753e-02 1.70260176e-01
    1.58997830e-02 9.00385454e-02 8.38352218e-02 3.46302092e-02
    1.00819081e-01 1.46470726e-01 8.07034522e-02 3.63165498e-01
    1.60744399e-01 3.08058292e-01 1.83208868e-01 1.63213685e-02
    8.90147015e-02 3.13177556e-02 3.22211497e-02 1.38520831e-02
    3.01132270e-04 1.34304985e-02 7.82943855e-04 2.16815225e-03
    2.40905792e-03 0. 3.37268133e-03 9.03396751e-04 2.54757889e-02
    4.21585166e-04 3.97494575e-03 6.92604203e-03 3.61358700e-03</data></hist_h>
<hist_s type_id="opencv-matrix">
  <rows>50</rows>
  <cols>1</cols>
  <dt>f</dt>
  <data>
    9.90541697e-01 1. 7.36027479e-01 7.17206419e-01 5.66733539e-01
    4.87532258e-01 3.87503564e-01 3.26167941e-01 2.72762001e-01
    1.42256618e-01 1.00506365e-01 7.75771588e-02 5.78962453e-02
    4.60494868e-02 3.11455093e-02 3.82153429e-02 4.46164124e-02
    2.60819755e-02 2.58908980e-02 2.69418173e-02 2.38845907e-02
    3.09544317e-02 2.65596621e-02 2.62730531e-02 2.55087428e-02
    4.51896451e-02 3.03811990e-02 3.62090357e-02 3.46804224e-02
    4.19413410e-02 4.35654931e-02 4.72914912e-02 5.42657860e-02
    7.79592991e-02 5.80873229e-02 6.36285543e-02 5.72274812e-02
    5.13996370e-02 4.91067208e-02 5.38836382e-02 4.30877991e-02
    5.36925606e-02 2.67507397e-02 2.42667459e-02 1.92987509e-02
    1.32798329e-02 2.19738483e-03 0. 4.49030474e-03 2.27954522e-01</data></hist_s>
<hist_v type_id="opencv-matrix">
  <rows>100</rows>
  <cols>1</cols>
  <dt>f</dt>
  <data>
    0. 0. 4.06504056e-04 1.62601622e-03 3.25203245e-03 1.34146335e-02
    1.38211381e-02 3.78048755e-02 7.96747953e-02 8.17073137e-02
    1.85772359e-01 1.71544716e-01 3.46341461e-01 3.00406486e-01
    5.43495893e-01 4.10569102e-01 7.30487764e-01 7.73577213e-01
    5.37804842e-01 8.43495905e-01 5.13821125e-01 7.91056871e-01
    4.83333319e-01 6.96747959e-01 4.80081290e-01 6.43089414e-01
    6.88211381e-01 4.45528448e-01 6.64634109e-01 4.30081278e-01
    6.71951175e-01 4.41463411e-01 6.56504035e-01 6.94715440e-01
    4.63008106e-01 6.86178863e-01 4.86991853e-01 6.93089426e-01
    4.77235764e-01 6.83739841e-01 4.72357720e-01 6.71951175e-01
    6.90243900e-01 4.60975587e-01 7.11788595e-01 5.28861761e-01
    7.71544695e-01 5.29268265e-01 8.43902409e-01 5.92682898e-01
    9.51219499e-01 9.28455234e-01 6.21138215e-01 9.28048730e-01
    6.89430892e-01 1. 6.04065001e-01 8.32520306e-01 7.59349585e-01
    4.87804860e-01 6.14634156e-01 4.14634138e-01 5.77235758e-01
    3.77235770e-01 5.15447140e-01 3.13821137e-01 4.41869915e-01
    3.78861785e-01 2.57317066e-01 3.93902421e-01 2.69105673e-01
    3.76422763e-01 2.10975602e-01 3.13821137e-01 1.90243900e-01
    2.46747956e-01 2.37398371e-01 1.45121947e-01 1.89024389e-01
    1.33739829e-01 1.87804878e-01 1.05691053e-01 1.63821131e-01
    1.45528451e-01 9.71544683e-02 1.62195116e-01 8.78048763e-02
    1.41056910e-01 8.78048763e-02 1.30081296e-01 9.63414609e-02
    1.56097561e-01 1.46747962e-01 1.00406505e-01 1.73577234e-01
    1.59756094e-01 2.57723570e-01 2.42276415e-01 4.60569084e-01
    9.83739793e-01</data></hist_v>
</opencv_storage>
