<?xml version="1.0"?>
<opencv_storage>
<hist_h type_id="opencv-matrix">
  <rows>50</rows>
  <cols>1</cols>
  <dt>f</dt>
  <data>
    1.20401336e-02 5.02415448e-02 2.25418061e-01 9.73318458e-01
    7.86176145e-01 6.57153487e-01 4.86436248e-01 3.70642871e-01
    4.73281294e-01 5.64920068e-01 1. 3.51170570e-01 3.22556645e-02
    7.35785952e-03 8.91861739e-04 1.26347085e-03 7.43218116e-05 0. 0. 0.
    0. 0. 0. 0. 0. 0. 0. 0. 0. 0. 0. 0. 0. 0. 0. 0. 0. 0. 0. 0. 0. 0. 0.
    1.48643623e-04 0. 7.43218116e-05 1.48643623e-04 5.20252681e-04
    1.26347085e-03 2.97287246e-03</data></hist_h>
<hist_s type_id="opencv-matrix">
  <rows>50</rows>
  <cols>1</cols>
  <dt>f</dt>
  <data>
    0. 9.17792029e-04 1.12757310e-02 1.61269177e-02 3.02871373e-02
    6.79166093e-02 1.35046542e-01 2.28267998e-01 3.46532047e-01
    4.19693202e-01 5.68637729e-01 6.48878992e-01 7.62947440e-01
    8.74918044e-01 9.19889867e-01 9.29985583e-01 1. 7.53507257e-01
    7.23220110e-01 6.09807253e-01 4.60993826e-01 3.34994107e-01
    2.48721644e-01 1.70578212e-01 1.08955026e-01 8.44368711e-02
    4.07761894e-02 2.56981775e-02 1.54713513e-02 9.96459927e-03
    8.12901556e-03 6.68677082e-03 4.32673376e-03 3.67116812e-03
    1.57335773e-03 1.83558406e-03 1.18001830e-03 7.86678866e-04
    9.17792029e-04 6.55565760e-04 6.55565760e-04 2.62226298e-04
    2.62226298e-04 0. 2.62226298e-04 5.24452596e-04 0. 0. 0.
    6.55565760e-04</data></hist_s>
<hist_v type_id="opencv-matrix">
  <rows>100</rows>
  <cols>1</cols>
  <dt>f</dt>
  <data>
    0. 0. 0. 0. 0. 0. 0. 0. 2.46669952e-04 2.46669952e-04 2.46669952e-04
    2.46669952e-04 9.86679806e-04 7.40009826e-04 1.23334979e-03
    1.97335961e-03 1.72668963e-03 3.70004936e-03 3.20670940e-03
    3.45337926e-03 4.93339915e-03 1.13468179e-02 3.94671923e-03
    1.23334974e-02 1.06068077e-02 3.13270837e-02 4.04538736e-02
    3.82338427e-02 6.48741946e-02 4.93339896e-02 1.00888014e-01
    9.17612240e-02 1.66748881e-01 1.97829306e-01 1.45041928e-01
    2.95263946e-01 2.15836212e-01 3.58904779e-01 2.65910208e-01
    4.13172156e-01 2.87863821e-01 4.39565867e-01 4.95559931e-01
    3.27577710e-01 5.10606825e-01 3.33251119e-01 5.29353738e-01
    3.67538214e-01 5.96694589e-01 3.88505161e-01 6.17414892e-01
    6.55402064e-01 4.89639848e-01 8.11050773e-01 5.91267884e-01
    9.48445976e-01 6.67488873e-01 1. 9.26739037e-01 5.62900841e-01
    7.08436072e-01 4.18598920e-01 5.51307321e-01 3.11050802e-01
    4.21805620e-01 2.49629989e-01 3.53724718e-01 3.28071028e-01
    1.88702509e-01 2.62703508e-01 1.62802175e-01 2.13369504e-01
    1.28761709e-01 1.85495809e-01 9.86679792e-02 1.42081887e-01
    1.19634926e-01 7.15342835e-02 9.52145979e-02 5.30340411e-02
    8.01677331e-02 4.61272821e-02 6.53675348e-02 5.87074496e-02
    3.10804136e-02 4.78539690e-02 2.63936855e-02 3.77405025e-02
    2.81203743e-02 3.92205231e-02 2.34336462e-02 3.52738015e-02
    4.09472138e-02 2.51603350e-02 3.99605334e-02 1.97335966e-02
    2.24469658e-02 1.55402068e-02 2.34336462e-02 5.13073504e-02</data></hist_v>
</opencv_storage>
