<?xml version="1.0"?>
<opencv_storage>
<hist_h type_id="opencv-matrix">
  <rows>50</rows>
  <cols>1</cols>
  <dt>f</dt>
  <data>
    2.36479074e-01 2.42610022e-01 2.12174281e-01 4.45149988e-01
    2.06919193e-01 2.21589655e-01 1.34004816e-01 4.86095883e-02
    1.25246331e-01 9.87519175e-02 8.71469229e-02 1.50645927e-01
    1.53930366e-01 9.99999940e-01 7.86511898e-01 6.07400894e-01
    3.24501872e-01 1.24589443e-01 2.71950960e-01 2.25312009e-01
    3.94131809e-01 3.45084310e-01 4.96606082e-01 5.70396304e-01
    5.66673934e-01 9.67593551e-01 7.35493720e-01 4.28508878e-01
    5.53974152e-01 1.43858105e-01 2.47208223e-01 1.97065905e-01
    5.27698696e-02 1.75388649e-01 1.21961892e-01 9.02123898e-02
    9.19640958e-02 8.10159929e-03 6.24042042e-02 1.62031967e-02
    3.63477096e-02 2.38668695e-02 0. 4.64199670e-02 2.36479081e-02
    8.43004137e-02 1.51083861e-02 5.73680736e-02 6.78782612e-02
    6.91920221e-02</data></hist_h>
<hist_s type_id="opencv-matrix">
  <rows>50</rows>
  <cols>1</cols>
  <dt>f</dt>
  <data>
    4.25867498e-01 4.91870910e-01 4.90414947e-01 5.16864836e-01
    6.03736997e-01 7.64862895e-01 8.43727291e-01 8.60713422e-01 1.
    7.41082251e-01 6.69497728e-01 5.45498669e-01 4.41640377e-01
    3.75879616e-01 3.02111119e-01 2.70565391e-01 2.66925484e-01
    1.99708819e-01 1.65736467e-01 1.58214033e-01 1.34918720e-01
    1.27881587e-01 1.38315946e-01 1.15991257e-01 1.05314247e-01
    1.67435080e-01 1.31521463e-01 1.33948058e-01 1.15991257e-01
    1.40014559e-01 1.31521463e-01 1.29580200e-01 1.19631149e-01
    1.64523184e-01 1.00461058e-01 9.60931778e-02 7.83790350e-02
    8.54161605e-02 6.96432889e-02 5.87236136e-02 4.68332916e-02
    5.65396771e-02 3.20310593e-02 2.15967000e-02 2.25673392e-02
    9.70638171e-03 5.09585068e-03 8.00776482e-03 0. 1.78354770e-01</data></hist_s>
<hist_v type_id="opencv-matrix">
  <rows>100</rows>
  <cols>1</cols>
  <dt>f</dt>
  <data>
    1.74703002e-02 8.66526961e-02 8.10621977e-02 1.30677849e-01
    7.05800131e-02 1.72606573e-01 1.01327747e-01 2.15234086e-01
    2.33403221e-01 1.64919630e-01 2.99790382e-01 2.32005581e-01
    4.17889595e-01 2.90006995e-01 4.79385078e-01 3.31935704e-01
    5.55555582e-01 5.80013990e-01 3.83647799e-01 5.96785486e-01
    4.01118100e-01 7.12089479e-01 4.52131391e-01 7.31656194e-01
    5.09433985e-01 7.76380181e-01 8.64430487e-01 5.32494783e-01
    8.90286505e-01 5.56254387e-01 8.79105508e-01 5.66736579e-01
    8.97973478e-01 9.50384319e-01 5.93291402e-01 1. 6.57582104e-01
    9.55276072e-01 6.31027281e-01 9.32914078e-01 5.96086681e-01
    8.60237598e-01 8.29489887e-01 5.15723288e-01 7.63102710e-01
    4.53529000e-01 6.60377383e-01 4.36757505e-01 5.84905684e-01
    4.23480093e-01 5.67435384e-01 5.52061498e-01 3.39622617e-01
    5.78616381e-01 3.42417896e-01 5.12928009e-01 3.29140484e-01
    5.52760303e-01 4.98252988e-01 3.25646400e-01 4.78686273e-01
    2.90705800e-01 4.64709997e-01 2.38993719e-01 3.59189391e-01
    1.97763786e-01 2.59958088e-01 2.29909167e-01 1.04122996e-01
    1.88679248e-01 9.57372487e-02 1.60726771e-01 5.80013990e-02
    1.41160026e-01 4.47239652e-02 1.13906354e-01 1.02026552e-01
    4.61215898e-02 7.96645731e-02 3.84346619e-02 6.70859516e-02
    3.14465389e-02 6.77847639e-02 6.00978360e-02 2.16631740e-02
    5.59049621e-02 5.59049472e-03 4.89168391e-02 8.38574395e-03
    5.24109006e-02 0. 3.56394127e-02 4.05310988e-02 2.16631740e-02
    4.89168391e-02 2.79524773e-02 7.61705041e-02 2.72536650e-02
    7.75681287e-02 3.07477295e-01</data></hist_v>
</opencv_storage>
