<?xml version="1.0"?>
<opencv_storage>
<hist_h type_id="opencv-matrix">
  <rows>50</rows>
  <cols>1</cols>
  <dt>f</dt>
  <data>
    3.76766101e-02 7.06436438e-03 1.25588698e-03 7.69230770e-03
    1.41287292e-03 1.03610680e-02 2.59811617e-02 5.02354801e-02
    5.50392449e-01 1.00000012e+00 1.60910517e-01 6.71114624e-02
    2.86499206e-02 3.53218205e-02 2.37048659e-02 3.54003161e-02
    5.54160140e-02 5.10989018e-02 8.19466263e-02 1.31475657e-01
    3.37676615e-01 3.46703291e-01 4.67503935e-01 3.38540018e-01
    1.76766083e-01 1.65070638e-01 1.26138136e-01 8.11617002e-02
    1.01726845e-01 8.97959173e-02 1.94819465e-01 2.16169536e-01
    7.45682940e-02 1.75431699e-01 1.23233914e-01 6.37362674e-02
    4.57613841e-02 5.25902677e-03 6.04395606e-02 1.05180535e-02
    1.24803772e-02 3.29670333e-03 1.72684458e-03 1.05965463e-02
    3.84615385e-03 4.05023545e-02 0. 1.85243320e-02 5.84772378e-02
    4.63108346e-03</data></hist_h>
<hist_s type_id="opencv-matrix">
  <rows>50</rows>
  <cols>1</cols>
  <dt>f</dt>
  <data>
    1.95200652e-01 5.49102664e-01 6.21899605e-01 6.29965723e-01
    8.40290368e-01 5.72696090e-01 5.88828385e-01 5.00302494e-01
    5.71284533e-01 5.09175241e-01 5.24702549e-01 5.78745723e-01
    5.63621700e-01 6.71707988e-01 7.86247253e-01 8.69731784e-01 1.
    7.58217394e-01 6.04154050e-01 4.58963513e-01 3.58540028e-01
    2.66787648e-01 2.19600722e-01 1.78866714e-01 1.48013711e-01
    1.48417026e-01 1.08489610e-01 8.93325210e-02 7.60233849e-02
    6.25125989e-02 5.70679568e-02 4.59770113e-02 4.43637818e-02
    3.81125249e-02 2.84331515e-02 2.72232294e-02 1.91570893e-02
    1.83504745e-02 1.18975593e-02 1.10909455e-02 5.84795326e-03
    1.37124425e-02 6.25126064e-03 4.43637837e-03 4.03307099e-03
    2.62149610e-03 3.22645670e-03 0. 2.21818918e-03 8.32829177e-02</data></hist_s>
<hist_v type_id="opencv-matrix">
  <rows>100</rows>
  <cols>1</cols>
  <dt>f</dt>
  <data>
    1.22574065e-03 4.08580177e-04 0. 3.26864165e-03 1.02145039e-03
    5.51583245e-03 3.57507658e-03 7.35444389e-03 1.15423901e-02
    7.55873322e-03 1.60367731e-02 1.52196120e-02 2.47191004e-02
    2.44126655e-02 3.88151146e-02 3.26864123e-02 6.10827357e-02
    6.80285990e-02 4.78038788e-02 7.98774213e-02 5.38304374e-02
    8.98876339e-02 6.87436163e-02 1.06332988e-01 7.28294179e-02
    1.20735444e-01 1.34218588e-01 1.01430029e-01 1.61899894e-01
    1.17671087e-01 1.92951992e-01 1.36874363e-01 2.20122576e-01
    2.37793669e-01 1.62206322e-01 2.70173669e-01 1.79979563e-01
    2.61797756e-01 1.67415723e-01 2.38304392e-01 1.49744630e-01
    1.94790602e-01 1.66087836e-01 8.88661891e-02 1.15423895e-01
    6.35342151e-02 8.00817162e-02 4.17773202e-02 5.66904992e-02
    3.15628164e-02 4.24923375e-02 3.76915187e-02 2.11440250e-02
    2.83963233e-02 1.60367731e-02 3.44228782e-02 1.91011243e-02
    2.61491314e-02 3.27885561e-02 2.16547493e-02 3.45250219e-02
    2.46169567e-02 3.94279845e-02 2.36976501e-02 2.73748729e-02
    1.79775283e-02 2.47191004e-02 1.96118485e-02 1.07252300e-02
    1.86925437e-02 1.16445357e-02 1.68539323e-02 1.00102145e-02
    1.47088859e-02 7.96731375e-03 1.60367731e-02 1.41981617e-02
    7.96731375e-03 1.29724210e-02 1.00102145e-02 1.44024510e-02
    1.06230853e-02 1.69560779e-02 1.93054136e-02 1.24616958e-02
    1.87946893e-02 1.26659861e-02 2.03268640e-02 1.54239014e-02
    2.37997957e-02 1.51174664e-02 3.26864123e-02 3.79979536e-02
    3.03370785e-02 6.30234927e-02 5.68947867e-02 1.17364652e-01
    1.28294170e-01 4.89581198e-01 1.</data></hist_v>
</opencv_storage>
