<?xml version="1.0"?>
<opencv_storage>
<hist_h type_id="opencv-matrix">
  <rows>50</rows>
  <cols>1</cols>
  <dt>f</dt>
  <data>
    3.81940842e-01 4.83171463e-01 5.66758037e-01 1. 5.46815872e-01
    6.75921082e-01 8.12217295e-01 6.97568357e-01 8.75083327e-01
    6.02676213e-01 4.15338427e-01 2.13284895e-01 6.12721480e-02
    6.68692961e-02 2.72814874e-02 3.59552242e-02 1.27511285e-02
    2.70590791e-03 2.59099994e-02 9.34094377e-03 3.49544063e-02
    -4.65661287e-10 1.60501134e-02 2.20550057e-02 8.97027180e-03
    5.14863953e-02 9.54481363e-02 2.75076002e-01 3.03172946e-01
    2.35080421e-01 4.72644359e-01 4.38913196e-01 1.96048617e-01
    1.83890566e-01 1.49306834e-01 9.46326554e-02 1.34628206e-01
    4.40729484e-02 9.28534269e-02 6.70175627e-02 1.18652225e-01
    7.23923147e-02 4.40358818e-02 1.42412335e-01 8.98880512e-02
    1.50492981e-01 8.56994539e-02 1.50492981e-01 1.55089319e-01
    1.59574464e-01</data></hist_h>
<hist_s type_id="opencv-matrix">
  <rows>50</rows>
  <cols>1</cols>
  <dt>f</dt>
  <data>
    4.85380113e-01 6.35389984e-01 7.63059318e-01 7.52151906e-01
    8.66745532e-01 9.67671990e-01 9.08666790e-01 8.84749293e-01
    9.99999940e-01 7.67527401e-01 6.93475246e-01 6.32367432e-01
    5.69222689e-01 5.44122458e-01 4.98061627e-01 4.86102879e-01
    5.83284020e-01 5.02463996e-01 5.36303282e-01 5.92351675e-01
    6.38675332e-01 6.85393274e-01 7.30994165e-01 7.41573036e-01
    7.57211387e-01 9.10835147e-01 7.07602322e-01 6.33418739e-01
    5.38931608e-01 4.33011353e-01 3.03436488e-01 1.89040020e-01
    1.08022869e-01 6.84013441e-02 2.82541551e-02 1.62297115e-02
    9.72468685e-03 5.38800191e-03 3.81102553e-03 2.29975674e-03
    2.03692750e-03 1.44556141e-03 1.37985405e-03 1.18273217e-03
    5.91366028e-04 8.54195387e-04 3.28536698e-04 2.62829359e-04 0.
    3.94244038e-04</data></hist_s>
<hist_v type_id="opencv-matrix">
  <rows>100</rows>
  <cols>1</cols>
  <dt>f</dt>
  <data>
    0. 0. 0. 0. 0. 0. 0. 0. 0. 0. 0. 0. 2.83547182e-04 1.41773594e-03
    6.66335877e-03 1.45317931e-02 8.25122297e-02 2.14361668e-01
    2.33004898e-01 4.46586818e-01 4.00014192e-01 5.52917004e-01
    3.13319623e-01 4.54951465e-01 2.39597365e-01 3.47274423e-01
    3.38059127e-01 2.00184315e-01 2.64974833e-01 1.55100316e-01
    1.79981574e-01 1.27312690e-01 1.83313251e-01 1.81186646e-01
    1.07960589e-01 1.52123064e-01 1.09378323e-01 1.66513085e-01
    1.10654287e-01 1.67363718e-01 1.10087194e-01 1.84943646e-01
    1.78847387e-01 1.31211460e-01 2.12164178e-01 1.46239460e-01
    2.31516272e-01 1.70270085e-01 2.72488832e-01 1.96923524e-01
    3.12327236e-01 3.33805919e-01 2.31020063e-01 3.39122444e-01
    2.30665639e-01 3.42879444e-01 2.45551854e-01 3.91295105e-01
    4.04621840e-01 2.64478624e-01 4.10221875e-01 2.89643437e-01
    4.34323400e-01 2.85673797e-01 4.26880270e-01 2.86170006e-01
    4.27943587e-01 4.06464875e-01 2.55830437e-01 3.62940401e-01
    2.13865459e-01 3.07506919e-01 1.83455020e-01 2.55192459e-01
    1.54320553e-01 2.25632668e-01 1.95151344e-01 1.17672078e-01
    1.75870135e-01 1.04841568e-01 1.41560927e-01 9.42794383e-02
    1.37803927e-01 1.32841855e-01 9.12313089e-02 1.34259596e-01
    9.90288556e-02 1.48720503e-01 1.14198625e-01 2.08265409e-01
    1.68214366e-01 3.20833623e-01 4.39356357e-01 3.88034314e-01
    7.26235211e-01 5.52420795e-01 7.75501549e-01 4.12419379e-01
    5.80421090e-01 1.</data></hist_v>
</opencv_storage>
