<?xml version="1.0"?>
<opencv_storage>
<hist_h type_id="opencv-matrix">
  <rows>50</rows>
  <cols>1</cols>
  <dt>f</dt>
  <data>
    1.51671648e-01 1.43880293e-01 1.25690490e-01 5.44875205e-01 1.
    1.17669389e-01 3.80877182e-02 2.42630672e-02 4.81765196e-02
    3.00566349e-02 1.72208846e-02 2.76992526e-02 4.93452232e-03
    3.97558697e-03 0. 1.39245428e-02 3.62197980e-02 3.89967114e-02
    4.97547686e-02 2.31443085e-02 2.08168924e-02 4.72475495e-03
    1.28457416e-02 4.33918312e-02 1.27258748e-02 3.53707373e-02
    4.39012721e-02 3.64195704e-02 8.46260637e-02 4.04650792e-02
    4.72675338e-02 4.27325666e-02 2.87380982e-02 1.43121138e-01
    6.43086210e-02 3.86171341e-02 3.60000357e-02 2.15261057e-02
    2.70100180e-02 1.76504068e-02 2.89478656e-02 3.00066937e-02
    2.22153403e-02 4.26726341e-02 3.76781747e-02 6.36493489e-02
    4.74872887e-02 5.42497784e-02 7.27692246e-02 6.85439184e-02</data></hist_h>
<hist_s type_id="opencv-matrix">
  <rows>50</rows>
  <cols>1</cols>
  <dt>f</dt>
  <data>
    2.53742903e-01 3.05258512e-01 1.99387878e-01 1.18519068e-01
    1.06755659e-01 5.84482700e-02 3.77240255e-02 2.90581957e-02
    5.68626076e-02 3.25245261e-02 2.92425677e-02 4.45460677e-02
    1.20805368e-01 1.46507859e-01 1.45696595e-01 1.75824195e-01
    2.51788497e-01 2.54443556e-01 3.39036822e-01 4.35393512e-01
    4.79460180e-01 4.98377502e-01 5.37871540e-01 5.82638860e-01
    6.66974008e-01 1. 7.39361346e-01 6.80286169e-01 4.42805529e-01
    2.30216116e-01 1.31683752e-01 8.31551105e-02 5.69363534e-02
    7.22767264e-02 3.37783024e-02 2.73618996e-02 1.29434317e-02
    2.87631899e-03 0. 9.18209553e-03 6.67453557e-03 3.14182490e-02
    1.88066959e-02 1.65572688e-02 2.17567682e-02 2.80994177e-02
    1.19846612e-02 2.61081234e-02 1.09152570e-02 7.41020739e-01</data></hist_s>
<hist_v type_id="opencv-matrix">
  <rows>100</rows>
  <cols>1</cols>
  <dt>f</dt>
  <data>
    0. 2.07517352e-02 3.41510326e-02 9.28330943e-02 9.71620977e-02
    2.48333693e-01 1.91575617e-01 3.24744046e-01 3.75455230e-01
    2.47302979e-01 4.54133183e-01 2.63519555e-01 3.91053408e-01
    2.19198793e-01 3.02549303e-01 1.85391337e-01 2.94028729e-01
    3.03030312e-01 1.89789057e-01 2.86401421e-01 1.88139901e-01
    2.89837152e-01 1.83810905e-01 2.64893830e-01 1.73572466e-01
    2.91898578e-01 3.54566067e-01 2.57266551e-01 4.21906143e-01
    2.77674705e-01 3.71401101e-01 2.17343509e-01 2.89837152e-01
    2.53281116e-01 1.47735864e-01 1.98309630e-01 1.23067409e-01
    1.57355875e-01 1.01216249e-01 1.40795708e-01 8.65113735e-02
    1.41070575e-01 1.43956572e-01 9.24895257e-02 1.46292865e-01
    9.43448097e-02 1.57493308e-01 8.93286616e-02 1.38803005e-01
    9.37263817e-02 1.55019581e-01 1.51377723e-01 9.79179591e-02
    1.64914459e-01 1.19013265e-01 2.13701651e-01 1.42307431e-01
    2.10059792e-01 1.88552186e-01 1.12210542e-01 1.92812487e-01
    1.74397036e-01 2.90455580e-01 1.97347626e-01 3.98199677e-01
    3.75592679e-01 7.18752146e-01 8.46973121e-01 4.94537234e-01
    7.69257188e-01 5.45591950e-01 8.23472857e-01 5.22229075e-01
    8.46629560e-01 4.95567918e-01 7.33182192e-01 6.97725534e-01
    4.01910275e-01 5.40713251e-01 3.37868482e-01 3.99780124e-01
    2.39675671e-01 3.10932457e-01 2.80217141e-01 1.82574049e-01
    2.61183262e-01 1.79344460e-01 1.88552186e-01 8.47935155e-02
    1.01834677e-01 4.19844687e-02 5.92317730e-02 4.34961841e-02
    2.36377399e-02 3.90297547e-02 2.79667433e-02 6.17742091e-02
    7.08445013e-02 3.10795039e-01 1.</data></hist_v>
</opencv_storage>
