<?xml version="1.0"?>
<opencv_storage>
<hist_h type_id="opencv-matrix">
  <rows>50</rows>
  <cols>1</cols>
  <dt>f</dt>
  <data>
    6.83251545e-02 1.54081985e-01 3.83058876e-01 6.81587219e-01
    1.85353875e-01 1.46899074e-01 9.15381834e-02 5.51857017e-02
    1.24036431e-01 2.01997191e-01 4.21513647e-01 5.38980365e-01
    5.58163941e-01 9.99999940e-01 5.82428157e-01 4.14155573e-01
    1.62053257e-01 7.04274625e-02 1.06166780e-01 1.05466008e-01
    1.40066564e-01 5.59740663e-02 5.44849299e-02 4.14330736e-02
    2.18114927e-02 3.40749808e-02 3.26734371e-02 9.11877975e-02
    1.90434471e-01 3.39873843e-02 2.90819891e-02 3.11843026e-02
    5.16818464e-03 3.91555689e-02 9.02242400e-03 1.34898387e-02
    1.18255075e-02 -1.16415322e-10 8.49684607e-03 2.36510136e-03
    1.35774352e-02 1.40154152e-03 5.25578042e-04 1.00735808e-02
    7.00770877e-03 2.80308332e-02 2.12859139e-02 7.83111379e-02
    7.55956471e-02 3.22354548e-02</data></hist_h>
<hist_s type_id="opencv-matrix">
  <rows>50</rows>
  <cols>1</cols>
  <dt>f</dt>
  <data>
    1.69264451e-01 1.88586876e-01 1.67976290e-01 1.55223489e-01
    1.38477385e-01 1.03439383e-01 8.12830031e-02 7.22658709e-02
    8.81102607e-02 8.50186720e-02 9.51951519e-02 1.42857134e-01
    1.84335947e-01 2.46940598e-01 3.82326424e-01 6.29395783e-01
    9.99999940e-01 8.65000606e-01 7.50096560e-01 6.35578990e-01
    5.30207336e-01 4.57683891e-01 4.11438882e-01 3.53600413e-01
    2.91510999e-01 2.98853546e-01 2.13190764e-01 1.73773021e-01
    1.30361959e-01 1.17737979e-01 9.12018493e-02 9.55815986e-02
    8.30864310e-02 1.01120695e-01 6.01571500e-02 4.89501432e-02
    4.53432910e-02 3.43939178e-02 3.42651010e-02 3.37498374e-02
    1.80342644e-02 3.19464095e-02 2.17699334e-02 1.91936083e-02
    1.77766308e-02 1.97088756e-02 1.12070078e-02 4.50856518e-03 0.
    1.22375369e-01</data></hist_s>
<hist_v type_id="opencv-matrix">
  <rows>100</rows>
  <cols>1</cols>
  <dt>f</dt>
  <data>
    0. 2.44221538e-02 4.18665484e-02 2.08024412e-01 2.01046661e-01
    2.55124301e-01 1.43480152e-01 1.93196684e-01 1.61360651e-01
    1.02049716e-01 1.39119059e-01 8.15525502e-02 1.60924554e-01
    1.11208029e-01 1.77932829e-01 1.33885741e-01 1.97121665e-01
    2.01046661e-01 1.49149582e-01 2.26777136e-01 1.52202353e-01
    2.50763208e-01 1.72263399e-01 2.80418664e-01 1.94068894e-01
    2.90885299e-01 3.20540786e-01 2.27213249e-01 3.72437865e-01
    2.73440927e-01 4.29132164e-01 2.88268656e-01 5.05451381e-01
    5.16790211e-01 4.02093351e-01 6.16659403e-01 4.16484952e-01
    6.76842570e-01 4.46140438e-01 7.82817304e-01 5.37723541e-01
    8.24683845e-01 8.90972555e-01 6.02267802e-01 9.39816833e-01
    6.30614936e-01 9.75577831e-01 6.27998292e-01 9.24989104e-01
    6.52420402e-01 9.47666824e-01 9.70344543e-01 6.13606632e-01 1.
    6.36284351e-01 9.74269509e-01 6.00087225e-01 8.57392073e-01
    8.54775429e-01 5.74356735e-01 8.31661582e-01 5.12429118e-01
    7.12167501e-01 4.52682078e-01 6.63759291e-01 4.04709995e-01
    5.59092879e-01 4.83645886e-01 2.97426969e-01 3.95987809e-01
    2.11077183e-01 2.93501973e-01 1.29524633e-01 1.64413422e-01
    8.15525502e-02 9.68163982e-02 9.24552977e-02 5.23331873e-02
    6.93414733e-02 4.27387692e-02 7.06498027e-02 4.70998697e-02
    6.89053684e-02 6.89053684e-02 4.84081991e-02 8.59136507e-02
    6.58525974e-02 1.06410816e-01 7.89358914e-02 1.38246834e-01
    9.24552977e-02 1.91452235e-01 2.54688203e-01 1.88399464e-01
    2.26341039e-01 1.62232876e-01 9.41997394e-02 3.27082425e-02
    3.00915800e-02 4.23026606e-02</data></hist_v>
</opencv_storage>
