<?xml version="1.0"?>
<opencv_storage>
<hist_h type_id="opencv-matrix">
  <rows>50</rows>
  <cols>1</cols>
  <dt>f</dt>
  <data>
    1. 2.64348835e-02 4.53631207e-02 1.33216009e-01 1.68199122e-01
    2.33208820e-01 1.34113938e-01 8.96128193e-02 8.87148902e-02
    4.71589677e-02 1.93233248e-02 1.74197257e-02 5.13612526e-03
    1.07750883e-02 8.29681754e-03 9.94899776e-03 1.43667846e-03
    2.15501757e-04 6.17771735e-03 9.33840987e-04 3.01702460e-03
    1.07750879e-04 3.51986219e-03 5.81854768e-03 3.59169608e-05
    6.14180043e-03 8.62007029e-04 3.59169608e-05 2.15501757e-04
    1.43667843e-04 6.46505272e-04 1.79584807e-04 0. 2.62193824e-03 0.
    2.51418736e-04 2.15501757e-04 4.31003515e-04 1.18525967e-03 0.
    2.15501757e-04 1.83176505e-03 0. 6.82422251e-04 9.69757966e-04
    7.72214634e-03 8.97924008e-04 1.75993110e-03 3.55577911e-03
    2.76560592e-03</data></hist_h>
<hist_s type_id="opencv-matrix">
  <rows>50</rows>
  <cols>1</cols>
  <dt>f</dt>
  <data>
    9.99999940e-01 5.81391379e-02 3.84212099e-02 2.97967307e-02
    3.10819484e-02 2.69557256e-02 3.00673023e-02 2.90864799e-02
    3.34494524e-02 2.83424072e-02 3.01687680e-02 2.99996603e-02
    2.79027279e-02 2.81056575e-02 3.19274850e-02 3.39567736e-02
    4.18033600e-02 3.08790207e-02 3.03716958e-02 3.44302766e-02
    3.46332043e-02 3.09128389e-02 3.09804827e-02 2.65160464e-02
    2.42161863e-02 2.49940790e-02 1.94135346e-02 1.35962386e-02
    1.29198087e-02 1.01126246e-02 9.06415842e-03 8.04951414e-03
    6.56136870e-03 6.83194026e-03 3.88947106e-03 4.02475707e-03
    3.48361325e-03 3.04393400e-03 3.17921978e-03 2.50279019e-03
    2.19839672e-03 2.16457527e-03 1.55578856e-03 1.38668111e-03
    9.13180120e-04 7.77894224e-04 1.04846619e-03 4.39679308e-04
    -5.82076609e-11 9.53765959e-03</data></hist_s>
<hist_v type_id="opencv-matrix">
  <rows>100</rows>
  <cols>1</cols>
  <dt>f</dt>
  <data>
    0. 1.35263108e-04 4.05789295e-04 1.08210475e-03 8.79210129e-04
    2.50236737e-03 1.31881516e-03 2.19802535e-03 2.40092003e-03
    1.92749908e-03 2.19802535e-03 1.79223588e-03 2.73907767e-03
    2.16420949e-03 4.05789260e-03 2.46855151e-03 4.26078727e-03
    3.75355082e-03 2.40092003e-03 3.85499815e-03 3.04341968e-03
    3.38157732e-03 3.65210348e-03 4.29460313e-03 3.28012998e-03
    5.47815533e-03 5.37670776e-03 3.55065637e-03 5.27526066e-03
    3.14486702e-03 5.41052362e-03 4.59894491e-03 6.25591772e-03
    6.56025996e-03 4.59894491e-03 7.50710163e-03 4.70039248e-03
    8.11578520e-03 5.13999723e-03 9.70512722e-03 5.71486540e-03
    9.26552154e-03 9.90802143e-03 7.20275939e-03 1.12944683e-02
    8.08196981e-03 1.19707836e-02 8.85973219e-03 1.45069668e-02
    9.80657432e-03 1.48789398e-02 1.52170975e-02 1.00432849e-02
    1.67049933e-02 1.03138108e-02 1.59272309e-02 1.19031519e-02
    1.61301252e-02 1.75842028e-02 1.11930212e-02 1.62653886e-02
    1.14635471e-02 1.61977559e-02 1.07196001e-02 1.37968352e-02
    1.02123637e-02 1.77194662e-02 1.60963088e-02 1.09901261e-02
    1.54199926e-02 1.13621000e-02 1.82605181e-02 1.01109156e-02
    1.51156504e-02 9.70512722e-03 1.51832821e-02 1.52509138e-02
    9.46841668e-03 1.47098610e-02 9.16407444e-03 1.52847292e-02
    9.40078497e-03 1.39320986e-02 1.41349928e-02 8.79210047e-03
    1.29514411e-02 9.84038971e-03 1.33234141e-02 9.46841668e-03
    1.55552551e-02 9.29933786e-03 1.52170975e-02 1.73813086e-02
    1.15988106e-02 1.88353863e-02 1.51156504e-02 2.52265669e-02
    2.15744637e-02 5.61341830e-02 1.00000012e+00</data></hist_v>
</opencv_storage>
