<?xml version="1.0"?>
<opencv_storage>
<hist_h type_id="opencv-matrix">
  <rows>50</rows>
  <cols>1</cols>
  <dt>f</dt>
  <data>
    7.01809600e-02 1.28874898e-01 1.63493305e-01 7.47757673e-01 1.
    2.77104646e-01 1.82061359e-01 1.16286382e-01 1.68528706e-01
    2.61368990e-01 2.93784410e-01 4.03619200e-01 4.12903219e-01
    3.66168350e-01 2.48465762e-01 2.77419358e-01 3.10778916e-01
    2.14476779e-01 2.25334376e-01 9.63021219e-02 5.88512979e-02
    2.28166785e-02 5.60188815e-02 4.94099110e-02 2.54917387e-02
    7.74193555e-02 8.35562497e-02 4.86231297e-02 7.62391806e-01
    3.73092055e-01 3.08261216e-01 6.46734834e-02 4.24862280e-03
    2.86388658e-02 1.99842639e-02 1.96695514e-02 2.94256490e-02
    9.44138446e-04 2.42328867e-02 7.71046383e-03 1.58929974e-02
    3.30448453e-03 0. 2.65932325e-02 1.47915026e-02 3.05271428e-02
    5.97954309e-03 4.13847342e-02 3.22580636e-02 2.73800157e-02</data></hist_h>
<hist_s type_id="opencv-matrix">
  <rows>50</rows>
  <cols>1</cols>
  <dt>f</dt>
  <data>
    2.66556680e-01 5.14023066e-01 5.46075881e-01 5.21564901e-01
    5.88970065e-01 5.60688198e-01 5.60452521e-01 5.52910686e-01
    7.07282543e-01 7.08460987e-01 7.85529077e-01 6.77350938e-01
    7.21187830e-01 7.49705374e-01 1. 7.50412405e-01 8.83808613e-01
    4.57695007e-01 2.28611827e-01 1.44001886e-01 9.96936113e-02
    7.80108422e-02 5.44426106e-02 4.59580459e-02 3.62950750e-02
    2.54536886e-02 1.69691257e-02 1.39052551e-02 1.03700208e-02
    6.36342214e-03 8.01319815e-03 6.12773979e-03 5.42069273e-03
    4.24228143e-03 2.35682307e-03 3.53523437e-03 1.17841153e-03
    1.88545836e-03 2.35682295e-04 1.17841153e-03 2.35682295e-04 0.
    4.71364590e-04 2.35682295e-04 0. 0. 0. 0. 0. 0.</data></hist_s>
<hist_v type_id="opencv-matrix">
  <rows>100</rows>
  <cols>1</cols>
  <dt>f</dt>
  <data>
    0. 0. 0. 0. 0. 1.80072023e-03 1.50060020e-02 3.72148864e-02
    2.51500607e-01 4.20168042e-01 2.90516198e-01 1.86674669e-01
    2.37094834e-01 1.63865536e-01 3.03121239e-01 2.81512588e-01
    4.45378125e-01 3.83553416e-01 1.56062424e-01 2.01080427e-01
    1.25450179e-01 1.76470578e-01 9.60384160e-02 1.52460977e-01
    1.06242493e-01 1.41056418e-01 1.26650661e-01 8.64345729e-02
    1.42256901e-01 8.52340907e-02 1.32653058e-01 7.80312121e-02
    1.38655454e-01 1.46458581e-01 1.03841536e-01 1.71068415e-01
    1.27250895e-01 1.94477782e-01 1.20648257e-01 2.14285702e-01
    1.56062424e-01 2.55702287e-01 2.86314517e-01 2.25090027e-01
    5.82232893e-01 4.45978373e-01 6.62665069e-01 4.87394929e-01
    8.40936363e-01 6.16446555e-01 9.99999940e-01 9.30972338e-01
    7.10684240e-01 9.32773054e-01 5.88835537e-01 9.20768261e-01
    5.58223248e-01 8.81752670e-01 8.74549806e-01 5.82232893e-01
    8.28931570e-01 5.24009585e-01 6.98679447e-01 4.18367326e-01
    5.48619449e-01 3.19927961e-01 5.01800716e-01 5.03601432e-01
    2.92917162e-01 4.57382947e-01 2.94717878e-01 4.33373332e-01
    2.76110440e-01 4.13565427e-01 2.64705867e-01 3.91956776e-01
    3.52340937e-01 2.21488595e-01 3.29531789e-01 2.15486184e-01
    3.60144049e-01 2.31092423e-01 3.63745481e-01 3.76350522e-01
    2.80912369e-01 3.54741871e-01 2.32292905e-01 2.82112837e-01
    1.65066019e-01 2.20288113e-01 1.15246095e-01 1.94477782e-01
    2.19687864e-01 1.66866735e-01 2.23889545e-01 1.31452575e-01
    1.68667465e-01 1.10444173e-01 1.21248499e-01 2.61704683e-01</data></hist_v>
</opencv_storage>
