<?xml version="1.0"?>
<opencv_storage>
<hist_h type_id="opencv-matrix">
  <rows>50</rows>
  <cols>1</cols>
  <dt>f</dt>
  <data>
    7.17506528e-01 1. 7.18775690e-01 1.22583054e-01 8.95856693e-03
    5.74841350e-03 2.23964173e-03 4.47928323e-04 1.41843979e-03
    1.49309446e-04 2.98618892e-04 1.49309446e-04 0. 3.73273622e-04
    7.46547230e-05 7.46547230e-05 4.47928323e-04 7.46547230e-05
    5.97237784e-04 3.73273622e-04 1.56774919e-03 2.98618892e-04
    8.95856647e-04 2.38895114e-03 2.98618892e-04 3.43411718e-03
    7.16685317e-03 1.88129898e-02 6.05449788e-02 7.92086646e-02
    2.18439713e-01 2.90556192e-01 1.26913026e-01 2.16871977e-01
    1.84322506e-01 9.86188874e-02 8.17469209e-02 3.91937308e-02
    3.65808159e-02 3.13549824e-02 5.24822697e-02 3.40425521e-02
    2.76969019e-02 6.45763353e-02 5.77080995e-02 7.90593550e-02
    7.78648779e-02 1.29899219e-01 3.67450535e-01 8.30384493e-01</data></hist_h>
<hist_s type_id="opencv-matrix">
  <rows>50</rows>
  <cols>1</cols>
  <dt>f</dt>
  <data>
    3.72529030e-09 1.95836067e-01 3.24983746e-01 5.57254434e-01
    8.95575881e-01 7.99934983e-01 5.57579756e-01 4.21925843e-01
    3.62719595e-01 2.35198438e-01 2.31294751e-01 2.39427477e-01
    2.41704643e-01 2.66102821e-01 2.80416399e-01 2.98959017e-01
    3.01886797e-01 2.40078092e-01 2.58620709e-01 2.74235547e-01
    2.70657122e-01 2.97332466e-01 3.59791815e-01 3.94925207e-01
    4.13793117e-01 7.62849689e-01 6.78920031e-01 8.25634360e-01
    8.08393002e-01 9.11841273e-01 8.42875719e-01 9.52179551e-01
    7.40403414e-01 1. 5.87182879e-01 5.89785337e-01 6.54847145e-01
    6.40858889e-01 6.10930443e-01 5.58555603e-01 3.88744324e-01
    3.80936891e-01 2.87898511e-01 2.19908923e-01 1.35979190e-01
    1.30774245e-01 7.70982504e-02 5.23747578e-02 2.37475634e-02
    8.47104788e-01</data></hist_s>
<hist_v type_id="opencv-matrix">
  <rows>100</rows>
  <cols>1</cols>
  <dt>f</dt>
  <data>
    0. 6.88956529e-02 1.40324220e-01 1. 5.49645424e-01 8.82472157e-01
    4.77710247e-01 7.10739613e-01 6.30192518e-01 3.41438711e-01
    4.78723407e-01 2.78115511e-01 4.20972645e-01 2.64437705e-01
    3.99696052e-01 2.37082079e-01 3.68794322e-01 3.86018246e-01
    2.62411356e-01 3.70314091e-01 2.46200636e-01 3.77912879e-01
    2.36575499e-01 4.02228981e-01 2.60385007e-01 4.27051693e-01
    4.05268490e-01 2.82674789e-01 4.18439716e-01 2.68996954e-01
    4.43769008e-01 2.76595742e-01 4.29584622e-01 4.20972645e-01
    2.44174287e-01 4.00202632e-01 2.56838918e-01 4.01215822e-01
    2.51266479e-01 3.93617034e-01 2.48733565e-01 3.91590685e-01
    3.77406299e-01 2.31509641e-01 3.75886530e-01 2.37588659e-01
    3.57649446e-01 2.53799379e-01 3.78926039e-01 2.54812568e-01
    3.63221884e-01 3.94123614e-01 2.64437705e-01 4.16919976e-01
    2.69503534e-01 4.20972645e-01 2.85714298e-01 4.52380955e-01
    4.15906787e-01 2.86220878e-01 4.68085110e-01 3.01925033e-01
    4.70618039e-01 3.01925033e-01 4.47821707e-01 3.11550170e-01
    4.41236079e-01 4.75683898e-01 3.01418453e-01 4.47315097e-01
    3.07497472e-01 4.66058761e-01 3.13069910e-01 5.31914890e-01
    3.76393110e-01 5.53698063e-01 6.11448824e-01 4.41236079e-01
    6.46909833e-01 4.47315097e-01 5.93211770e-01 3.80445808e-01
    5.32421470e-01 5.06079018e-01 2.92806476e-01 4.37689990e-01
    2.49746725e-01 4.01722401e-01 2.67983794e-01 4.01722401e-01
    2.44680867e-01 3.68794322e-01 3.57142866e-01 2.27963537e-01
    3.30293834e-01 2.15805486e-01 3.29280645e-01 2.06686944e-01
    3.12563330e-01 7.83181369e-01</data></hist_v>
</opencv_storage>
