<?xml version="1.0"?>
<opencv_storage>
<hist_h type_id="opencv-matrix">
  <rows>50</rows>
  <cols>1</cols>
  <dt>f</dt>
  <data>
    5.06173298e-02 1.23248488e-01 1.95191711e-01 1. 4.58850801e-01
    2.73579776e-01 1.47470936e-01 4.78655994e-02 4.27966267e-02
    2.12534852e-02 1.45914042e-02 1.26000214e-02 3.36724706e-03
    4.38104197e-03 1.81034789e-03 1.52069225e-03 3.62069586e-05
    6.51725277e-04 8.32760066e-04 7.24139172e-05 1.05000183e-03
    1.44827834e-04 6.15518307e-04 8.68967036e-04 7.24139172e-05
    1.81034789e-04 7.24139172e-05 0. 0. 0. 0. 0. 0. 1.08620879e-04 0. 0.
    4.34483518e-04 0. 5.06897399e-04 1.08620879e-04 1.08620879e-04
    7.96553097e-04 0. 6.15518307e-04 2.82414281e-03 5.06897410e-03
    1.77414098e-03 7.96553120e-03 5.35862986e-03 1.45551972e-02</data></hist_h>
<hist_s type_id="opencv-matrix">
  <rows>50</rows>
  <cols>1</cols>
  <dt>f</dt>
  <data>
    2.37578247e-02 1.31945342e-01 2.30425358e-01 4.03627545e-01
    6.44399047e-01 9.13271189e-01 1.00000012e+00 8.37782621e-01
    5.89219570e-01 3.37463289e-01 2.82283813e-01 2.56610036e-01
    2.36684129e-01 2.28764862e-01 2.12798581e-01 2.13820428e-01
    2.45497525e-01 2.10882634e-01 2.21611962e-01 2.22761542e-01
    2.03474268e-01 1.71924904e-01 1.54170409e-01 1.27091587e-01
    1.06527016e-01 1.09337084e-01 7.75322542e-02 6.85911402e-02
    4.75156493e-02 2.81006526e-02 1.32839447e-02 1.00906882e-02
    8.30246508e-03 5.74786030e-03 2.17141397e-03 2.42687436e-03
    2.81006517e-03 1.91595347e-03 1.40503258e-03 1.91595347e-03
    1.53276289e-03 1.66049309e-03 5.10920945e-04 2.55460502e-04 0.
    6.38651196e-04 1.02184189e-03 1.27730251e-04 6.38651196e-04
    8.30246508e-03</data></hist_s>
<hist_v type_id="opencv-matrix">
  <rows>100</rows>
  <cols>1</cols>
  <dt>f</dt>
  <data>
    0. 1.82898948e-03 2.28623673e-03 3.65797896e-03 2.28623673e-03
    5.48696844e-03 3.65797896e-03 7.77320517e-03 1.55464103e-02
    1.37174213e-02 3.33790593e-02 3.10928207e-02 6.49291277e-02
    6.12711459e-02 1.12025604e-01 9.37357098e-02 1.96159124e-01
    2.40512118e-01 1.81984454e-01 2.93552816e-01 2.13077277e-01
    3.59853685e-01 2.56058514e-01 3.71742100e-01 2.74348408e-01
    3.87288511e-01 3.81801546e-01 2.28623688e-01 3.54823947e-01
    2.28623688e-01 3.52537721e-01 2.20850483e-01 3.27846378e-01
    3.16415191e-01 1.91129401e-01 3.20530415e-01 2.20850483e-01
    3.18244159e-01 2.38683134e-01 3.41563791e-01 2.59716511e-01
    4.25697297e-01 4.43987191e-01 3.47050756e-01 5.86191118e-01
    4.27526295e-01 7.37540007e-01 5.50983071e-01 9.05349791e-01
    6.26886129e-01 9.87197101e-01 9.74851370e-01 6.36488318e-01 1.
    6.68038428e-01 9.94055808e-01 6.14083230e-01 9.49245512e-01
    8.58710587e-01 5.27663469e-01 7.95610428e-01 4.64563340e-01
    6.84499323e-01 4.14723366e-01 5.72930932e-01 3.50708723e-01
    4.60905343e-01 4.44444448e-01 2.69775957e-01 4.16095108e-01
    2.51943290e-01 3.49794239e-01 2.22679466e-01 3.23731124e-01
    2.10333794e-01 2.84407854e-01 2.91723818e-01 1.59122080e-01
    2.42341101e-01 1.52720615e-01 2.38683134e-01 1.41746685e-01
    1.99359849e-01 1.86556920e-01 1.18884318e-01 1.61408320e-01
    1.08367629e-01 1.52263373e-01 1.17512576e-01 1.49977133e-01
    9.78509337e-02 1.27114773e-01 1.19341567e-01 9.32784602e-02
    1.28943756e-01 8.64197537e-02 1.25743032e-01 7.27023333e-02
    1.02423415e-01 1.81527212e-01</data></hist_v>
</opencv_storage>
