<?xml version="1.0"?>
<opencv_storage>
<hist_h type_id="opencv-matrix">
  <rows>50</rows>
  <cols>1</cols>
  <dt>f</dt>
  <data>
    3.02395225e-01 6.21107817e-01 8.31287444e-01 1. 4.10628736e-01
    9.39970076e-01 3.16616774e-01 2.10029945e-01 7.55988061e-02
    8.08383245e-03 0. 2.99401203e-04 0. 0. 0. 0. 0. 0. 0. 0. 0.
    2.99401203e-04 5.98802406e-04 5.98802406e-04 1.49700601e-04
    1.04790425e-03 5.98802406e-04 5.98802406e-04 1.49700601e-04
    4.49101790e-04 1.49700601e-04 1.49700601e-04 1.49700601e-04
    1.49700601e-04 1.49700601e-04 0. 2.99401203e-04 0. 0. 0. 0. 0. 0.
    1.19760481e-03 0. 4.23652716e-02 1.19760481e-03 9.13173705e-03
    3.98203582e-02 3.50299403e-02</data></hist_h>
<hist_s type_id="opencv-matrix">
  <rows>50</rows>
  <cols>1</cols>
  <dt>f</dt>
  <data>
    1.62763000e-02 2.14370787e-02 2.30250098e-02 3.69194113e-02
    9.60698724e-02 1.88963890e-01 4.31123495e-01 6.41524434e-01
    7.22508907e-01 6.71695113e-01 8.57483149e-01 8.98372352e-01
    9.21000421e-01 1. 9.43231463e-01 9.02342200e-01 9.03533161e-01
    6.24454141e-01 5.10123074e-01 4.02143717e-01 3.31083775e-01
    2.62405723e-01 2.42159605e-01 1.90551817e-01 1.53235421e-01
    1.64747924e-01 9.80547890e-02 8.89241770e-02 7.18539134e-02
    7.10599422e-02 4.24771756e-02 3.89043279e-02 3.33465673e-02
    2.62008756e-02 2.38189772e-02 1.31004369e-02 1.07185394e-02
    8.33664183e-03 1.07185394e-02 4.76379553e-03 5.55776153e-03
    4.76379553e-03 1.98491476e-03 3.96983000e-04 2.38189753e-03 0.
    7.93965999e-04 0. 0. 2.85827704e-02</data></hist_s>
<hist_v type_id="opencv-matrix">
  <rows>100</rows>
  <cols>1</cols>
  <dt>f</dt>
  <data>
    6.99300726e-04 2.79720291e-03 6.99300726e-04 1.60839166e-02
    1.67832170e-02 4.12587412e-02 4.05594409e-02 1.48951054e-01
    1.74825177e-01 1.17482521e-01 1.55244768e-01 8.74125883e-02
    1.32167831e-01 9.44055989e-02 1.85314685e-01 1.11888118e-01
    1.74125880e-01 2.26573437e-01 1.48251757e-01 2.09090918e-01
    1.36363640e-01 1.67132869e-01 1.32867143e-01 1.75524488e-01
    1.30769238e-01 1.40559450e-01 1.52447551e-01 1.01398602e-01
    1.27272725e-01 9.72028002e-02 1.27972037e-01 9.09090936e-02
    1.42657354e-01 1.41958043e-01 9.16083977e-02 1.44755244e-01
    1.16083920e-01 1.42657354e-01 1.33566439e-01 1.85314685e-01
    1.34965047e-01 2.35664338e-01 2.27272734e-01 1.77622378e-01
    2.68531471e-01 2.04895109e-01 3.16783220e-01 2.29370639e-01
    3.57342660e-01 3.02097917e-01 4.69930083e-01 5.20979047e-01
    3.69230777e-01 5.76923072e-01 4.27972049e-01 6.97202802e-01
    5.02097905e-01 8.06293726e-01 8.30769241e-01 5.62937081e-01
    9.27972078e-01 6.19580448e-01 9.30069983e-01 6.43356681e-01 1.
    6.62937105e-01 9.78321731e-01 8.98601413e-01 4.96503502e-01
    6.87412620e-01 3.48951072e-01 3.54545474e-01 1.95804209e-01
    2.28671342e-01 1.43356651e-01 1.37062937e-01 1.02797210e-01
    4.96503524e-02 8.04195851e-02 4.82517518e-02 5.03496528e-02
    2.51748264e-02 2.58741267e-02 1.67832170e-02 1.04895113e-02
    4.89510503e-03 1.39860145e-03 4.19580424e-03 0. 6.99300726e-04 0.
    6.99300726e-04 0. 0. 0. 0. 0. 0. 0. 0.</data></hist_v>
</opencv_storage>
