<?xml version="1.0"?>
<opencv_storage>
<hist_h type_id="opencv-matrix">
  <rows>50</rows>
  <cols>1</cols>
  <dt>f</dt>
  <data>
    1. 0. 0. 0. 0. 0. 0. 0. 0. 0. 0. 0. 0. 0. 0. 0. 0. 0. 0. 0. 0. 0. 0.
    0. 0. 0. 0. 0. 0. 0. 0. 0. 0. 0. 0. 0. 0. 0. 0. 0. 0. 0. 0. 0. 0. 0.
    0. 0. 0. 0.</data></hist_h>
<hist_s type_id="opencv-matrix">
  <rows>50</rows>
  <cols>1</cols>
  <dt>f</dt>
  <data>
    1. 0. 0. 0. 0. 0. 0. 0. 0. 0. 0. 0. 0. 0. 0. 0. 0. 0. 0. 0. 0. 0. 0.
    0. 0. 0. 0. 0. 0. 0. 0. 0. 0. 0. 0. 0. 0. 0. 0. 0. 0. 0. 0. 0. 0. 0.
    0. 0. 0. 0.</data></hist_s>
<hist_v type_id="opencv-matrix">
  <rows>100</rows>
  <cols>1</cols>
  <dt>f</dt>
  <data>
    0. 0. 0. 0. 0. 0. 0. 0. 0. 0. 0. 2.55447412e-05 1.27723702e-04
    1.53268455e-04 5.61984314e-04 6.38618541e-04 3.03982431e-03
    9.73254628e-03 5.49211958e-03 8.09768308e-03 5.46657480e-03
    1.04222540e-02 7.38243014e-03 1.28234597e-02 1.00646280e-02
    1.59654636e-02 1.63741782e-02 1.10353278e-02 1.79834981e-02
    1.20315729e-02 1.66040827e-02 1.10608730e-02 1.64252687e-02
    1.73193347e-02 1.18783051e-02 1.78557746e-02 1.26701919e-02
    1.91074666e-02 1.23636546e-02 2.05635168e-02 1.38707943e-02
    2.16619410e-02 2.18662992e-02 1.60165522e-02 2.46506762e-02
    1.76514164e-02 2.79204026e-02 1.93373691e-02 2.97596231e-02
    1.97205395e-02 3.17265689e-02 3.05259656e-02 2.15086713e-02
    3.40511389e-02 2.17385739e-02 3.47408466e-02 2.32201703e-02
    3.44853997e-02 3.46897580e-02 2.18918435e-02 3.26717235e-02
    2.14320384e-02 3.09346821e-02 2.06656959e-02 2.68475227e-02
    1.78046841e-02 2.50849351e-02 2.30924468e-02 1.56844705e-02
    2.26581860e-02 1.46626811e-02 2.25304626e-02 1.26701919e-02
    1.73193347e-02 1.02178967e-02 1.40240630e-02 1.31044518e-02
    8.09768308e-03 1.16739469e-02 7.10143801e-03 8.50639865e-03
    4.75132186e-03 6.43727463e-03 5.59429824e-03 4.24042717e-03
    4.57250886e-03 3.78062180e-03 6.07964862e-03 3.42299533e-03
    5.13449311e-03 3.78062180e-03 5.31330612e-03 6.07964862e-03
    4.87904577e-03 6.48836419e-03 4.59805364e-03 9.09392815e-03
    9.22165159e-03 2.44718622e-02 1.</data></hist_v>
</opencv_storage>
