<?xml version="1.0"?>
<opencv_storage>
<hist_h type_id="opencv-matrix">
  <rows>50</rows>
  <cols>1</cols>
  <dt>f</dt>
  <data>
    6.08709231e-02 4.37022001e-03 1.79491180e-03 5.99344447e-02
    4.20633666e-02 1.12221010e-01 1.38364285e-01 7.03137219e-02
    1.55142814e-01 1.10191979e-01 1.00983299e-01 8.55314508e-02
    3.61323543e-02 5.82956150e-02 5.72030582e-02 1.39690965e-01
    3.67488682e-01 5.82956135e-01 1. 5.79210222e-01 4.49820518e-01
    9.19307023e-02 4.22194488e-02 6.74262494e-02 5.30669559e-03
    7.64788501e-03 2.84064300e-02 1.32667390e-03 6.71140943e-03
    1.24863430e-03 7.33572664e-03 9.28671751e-03 0. 3.71468700e-02
    3.12158582e-03 4.76041809e-03 4.99453722e-03 6.24317152e-04
    9.67691559e-03 2.41922890e-03 6.24317152e-04 3.12158576e-04 0.
    2.10707029e-03 1.56079288e-04 1.21741844e-02 1.56079288e-04
    1.32667390e-03 3.43374442e-03 8.58436106e-04</data></hist_h>
<hist_s type_id="opencv-matrix">
  <rows>50</rows>
  <cols>1</cols>
  <dt>f</dt>
  <data>
    1.66928425e-01 2.96163335e-02 9.71505493e-02 2.01929539e-01
    2.90554166e-01 4.11711872e-01 4.13731217e-01 4.77899909e-01
    6.76688313e-01 6.18577480e-01 5.65178335e-01 5.70787489e-01
    5.46107233e-01 5.54633141e-01 6.07807934e-01 7.44671285e-01 1.
    7.44895637e-01 6.73771560e-01 5.97487092e-01 4.82162893e-01
    3.76486421e-01 2.95938969e-01 2.24141791e-01 1.75678700e-01
    2.24141791e-01 1.20035902e-01 1.09939419e-01 8.72784331e-02
    7.20215365e-02 4.98092882e-02 5.56428060e-02 3.79178822e-02
    7.62844905e-02 2.98407003e-02 3.34305577e-02 1.92954894e-02
    2.33340804e-02 1.43594332e-02 2.17635166e-02 9.64774471e-03
    1.77249257e-02 1.68274622e-02 5.83351962e-03 1.21157728e-02
    8.30154773e-03 4.03859094e-03 0. 1.34619698e-03 2.60713458e-01</data></hist_s>
<hist_v type_id="opencv-matrix">
  <rows>100</rows>
  <cols>1</cols>
  <dt>f</dt>
  <data>
    1.77000523e-01 4.03815567e-01 3.04716468e-01 5.21462619e-01
    3.34923148e-01 4.56279814e-01 2.53312111e-01 3.44462097e-01
    3.25914145e-01 2.00317964e-01 2.99417078e-01 2.05617383e-01
    3.00476968e-01 1.84949651e-01 3.13725471e-01 1.97138309e-01
    3.05776358e-01 3.20614755e-01 2.35294119e-01 3.14785361e-01
    2.25755155e-01 3.78908336e-01 2.42713287e-01 4.06995237e-01
    2.74509788e-01 4.46740866e-01 4.93905663e-01 3.28563869e-01
    5.09803951e-01 3.69369388e-01 5.85585594e-01 3.93746674e-01
    6.74615800e-01 7.28669822e-01 5.21992564e-01 8.67514551e-01
    6.04663491e-01 9.19978797e-01 6.28510892e-01 9.68733430e-01
    6.48118734e-01 9.93110716e-01 9.70323265e-01 6.71966076e-01
    9.99999940e-01 5.91414928e-01 9.69793320e-01 5.97244322e-01
    8.97721231e-01 5.80286145e-01 8.69634330e-01 7.80074179e-01
    4.98145223e-01 6.27980947e-01 3.73608887e-01 4.81187046e-01
    2.87758350e-01 3.65129828e-01 2.96767354e-01 1.70111284e-01
    1.79650232e-01 1.03868574e-01 1.40434548e-01 6.41229451e-02
    7.84313679e-02 3.81558016e-02 5.24642281e-02 3.86857428e-02
    2.17276085e-02 4.02755700e-02 6.88924175e-03 2.80869082e-02
    1.00688916e-02 1.90779008e-02 4.76947520e-03 1.27186012e-02
    1.53683089e-02 5.29941730e-03 8.47906619e-03 7.41918385e-03
    8.47906619e-03 5.29941171e-04 4.23953310e-03 8.47906619e-03
    4.76947520e-03 1.27186012e-02 3.17964982e-03 1.00688916e-02
    3.17964982e-03 4.76947520e-03 0. 7.41918385e-03 4.23953310e-03
    2.64970865e-03 9.53895040e-03 3.70959193e-03 7.94912502e-03 0.
    7.41918385e-03 3.86857428e-02</data></hist_v>
</opencv_storage>
