<?xml version="1.0"?>
<opencv_storage>
<hist_h type_id="opencv-matrix">
  <rows>50</rows>
  <cols>1</cols>
  <dt>f</dt>
  <data>
    3.24402489e-02 6.07479848e-02 7.22501576e-02 2.19918743e-01
    6.24078810e-01 1. 5.74006498e-01 2.33142793e-01 3.42172354e-01
    4.50031012e-01 3.24884653e-01 1.32516026e-01 4.34602946e-02
    2.99607422e-02 1.85963232e-02 2.14890838e-02 8.26503243e-03
    2.89276126e-03 1.01246648e-02 4.61464282e-03 1.11577939e-02
    2.47950968e-03 6.33652462e-03 5.09676989e-03 3.09938705e-03
    4.68351832e-03 4.89014387e-03 2.89276126e-03 4.47689230e-03
    3.71926464e-03 4.95901937e-03 4.06364072e-03 8.95378529e-04
    8.19615740e-03 2.47950968e-03 4.54576779e-03 5.02789440e-03
    6.19877421e-04 4.68351832e-03 4.82126896e-04 1.44638063e-03
    4.82126896e-04 0. 2.13513337e-03 4.13251633e-04 1.16399210e-02
    3.44376371e-04 2.06625811e-03 4.13251575e-03 1.99738285e-03</data></hist_h>
<hist_s type_id="opencv-matrix">
  <rows>50</rows>
  <cols>1</cols>
  <dt>f</dt>
  <data>
    3.80895995e-02 7.61791915e-02 9.05861408e-02 1.73278078e-01
    3.49121749e-01 7.25873232e-01 9.99999940e-01 9.90526915e-01
    9.85000908e-01 7.38109291e-01 6.28577054e-01 5.79238176e-01
    5.79830229e-01 6.08841479e-01 4.91020322e-01 4.24116820e-01
    4.34181958e-01 3.09255958e-01 2.57746190e-01 2.38997430e-01
    1.94987178e-01 1.88079730e-01 1.81172296e-01 1.61634102e-01
    1.32228136e-01 1.86895594e-01 1.42293274e-01 1.42687976e-01
    1.24728628e-01 1.16834410e-01 1.08742841e-01 1.01638041e-01
    1.03611596e-01 1.02822177e-01 6.69034868e-02 6.76929131e-02
    4.40102629e-02 4.18393537e-02 2.66429838e-02 2.26958748e-02
    2.05249656e-02 1.85514111e-02 1.32228136e-02 8.09157267e-03
    8.28892738e-03 6.71008462e-03 4.73653013e-03 0. 1.38148805e-03
    1.08742841e-01</data></hist_s>
<hist_v type_id="opencv-matrix">
  <rows>100</rows>
  <cols>1</cols>
  <dt>f</dt>
  <data>
    1.39982551e-02 2.23971993e-01 1.68853909e-01 2.75590539e-01
    1.26859158e-01 1.91601038e-01 1.12860896e-01 1.49606317e-01
    1.53980762e-01 7.96150491e-02 1.67104125e-01 9.88626406e-02
    2.16097981e-01 2.08223969e-01 4.67191607e-01 2.68591434e-01
    5.21434844e-01 5.20559967e-01 2.87839025e-01 5.91426134e-01
    4.08573925e-01 6.35170639e-01 4.55818027e-01 6.77165389e-01
    4.38320190e-01 7.01662302e-01 6.99037671e-01 4.33070868e-01
    7.21784830e-01 4.42694694e-01 6.92038536e-01 4.39195126e-01
    7.07786560e-01 7.05161870e-01 4.73315865e-01 7.01662302e-01
    4.69816297e-01 7.19160140e-01 4.75940496e-01 7.41032422e-01
    4.75065619e-01 7.74278283e-01 7.91776061e-01 4.76815432e-01
    7.28783965e-01 4.83814508e-01 8.00524950e-01 5.20559967e-01
    7.83027172e-01 5.31058669e-01 7.83027172e-01 7.86526740e-01
    5.45931816e-01 8.39020193e-01 5.61679840e-01 8.59142661e-01
    6.19422615e-01 8.71391118e-01 8.53018403e-01 5.65179408e-01
    8.38145256e-01 5.06561697e-01 8.25896800e-01 5.58180273e-01
    8.71391118e-01 5.64304471e-01 9.45756853e-01 1. 6.77165389e-01
    9.80752409e-01 6.64916933e-01 9.79002655e-01 5.74803174e-01
    8.84514451e-01 5.82677186e-01 7.97025442e-01 7.41032422e-01
    4.58442718e-01 6.37795329e-01 3.52580935e-01 5.45056880e-01
    2.88713902e-01 4.41819757e-01 3.51706028e-01 2.23971993e-01
    2.58092731e-01 1.80227488e-01 2.33595788e-01 1.19860031e-01
    1.74103230e-01 9.53630880e-02 1.39107615e-01 1.20734908e-01
    4.89938781e-02 9.53630880e-02 1.83727071e-02 5.42432219e-02
    7.45058060e-09 2.97462866e-02 1.13735788e-01</data></hist_v>
</opencv_storage>
