<?xml version="1.0"?>
<opencv_storage>
<hist_h type_id="opencv-matrix">
  <rows>50</rows>
  <cols>1</cols>
  <dt>f</dt>
  <data>
    5.58768272e-01 2.58106664e-02 2.28702114e-03 9.98938158e-02
    3.46320346e-02 1.29380047e-01 5.40308714e-01 9.80151892e-01 1.
    5.96994162e-01 5.17601907e-01 1.49064764e-01 3.29167694e-02
    6.50984198e-02 2.09915861e-02 4.19831723e-02 4.10846993e-02
    9.96487774e-03 5.67671321e-02 2.97312737e-02 6.76304847e-02
    9.96487774e-03 2.04198305e-02 1.61725059e-02 3.10381432e-03
    2.69541773e-03 3.10381432e-03 3.26717302e-04 1.02915950e-02
    1.63358651e-04 8.16793274e-03 8.00457411e-03 0. 2.51572318e-02
    1.30686921e-03 9.88319796e-03 0. 0. 0. 0. 0. 0. 0. 9.80151934e-04 0.
    1.84595268e-02 0. 2.45037983e-04 5.71755273e-03 5.71755285e-04</data></hist_h>
<hist_s type_id="opencv-matrix">
  <rows>50</rows>
  <cols>1</cols>
  <dt>f</dt>
  <data>
    1. 8.21795464e-02 1.66889980e-01 1.86690480e-01 1.92645520e-01
    2.29715645e-01 2.57853210e-01 3.26931655e-01 2.92243570e-01
    2.22122967e-01 1.62870333e-01 1.90263510e-01 1.62423700e-01
    2.08277509e-01 2.24058360e-01 2.71252036e-01 3.84397805e-01
    3.40926021e-01 3.29760313e-01 4.17299390e-01 4.15810645e-01
    3.58642250e-01 4.17597145e-01 3.50305200e-01 2.88372785e-01
    3.85439932e-01 2.10064009e-01 2.51600415e-01 1.43069819e-01
    1.12996876e-01 8.93255919e-02 1.07637338e-01 4.55560498e-02
    6.78874552e-02 2.73931827e-02 5.92526421e-02 1.68229882e-02
    2.06937622e-02 1.51853515e-02 1.25055825e-02 5.65728731e-03
    3.55813615e-02 9.82581545e-03 5.06178336e-03 3.12639587e-03
    5.95503952e-03 2.08426360e-03 0. 7.44379940e-04 1.69420868e-01</data></hist_s>
<hist_v type_id="opencv-matrix">
  <rows>100</rows>
  <cols>1</cols>
  <dt>f</dt>
  <data>
    1.30884647e-01 5.27159870e-01 7.67201304e-01 1. 5.62079668e-01
    6.99430943e-01 3.41955543e-01 3.90067279e-01 3.39368880e-01
    2.16502860e-01 2.86342502e-01 1.65804461e-01 2.22452164e-01
    1.33212626e-01 1.99948281e-01 1.41748592e-01 2.09777564e-01
    2.27625459e-01 1.47956550e-01 2.68235922e-01 1.79772392e-01
    2.92033136e-01 2.35126764e-01 3.64459395e-01 2.41076067e-01
    3.89808595e-01 4.17744458e-01 2.64097273e-01 3.84117961e-01
    2.61251956e-01 3.75323355e-01 2.40817398e-01 3.71702045e-01
    3.24624956e-01 2.04604253e-01 2.70305246e-01 1.69943109e-01
    2.24521488e-01 1.39679268e-01 1.98654950e-01 1.21055365e-01
    1.64252460e-01 1.41231254e-01 8.84635374e-02 1.12778075e-01
    6.41489998e-02 8.82048681e-02 5.19917235e-02 6.25970066e-02
    3.77651379e-02 5.61303720e-02 4.73357514e-02 2.63838600e-02
    4.16451171e-02 2.09518895e-02 3.38851511e-02 2.09518895e-02
    3.49198133e-02 3.75064686e-02 1.99172292e-02 3.44024822e-02
    1.93998981e-02 3.72478068e-02 2.35385429e-02 4.88877445e-02
    2.71598566e-02 4.24211100e-02 4.24211100e-02 2.12105550e-02
    4.16451171e-02 2.14692205e-02 3.90584618e-02 2.48318687e-02
    3.95757928e-02 2.56078634e-02 4.96637374e-02 5.01810685e-02
    3.07811704e-02 5.12157306e-02 3.49198133e-02 5.56130409e-02
    4.19037789e-02 8.19969028e-02 7.55302683e-02 4.42317650e-02
    8.76875371e-02 6.46663308e-02 1.08639427e-01 7.44956061e-02
    1.12778075e-01 7.86342546e-02 9.05328542e-02 6.46663308e-02
    4.19037789e-02 6.98396340e-02 3.85411307e-02 5.30263856e-02
    2.19865516e-02 1.50025878e-02 4.65661287e-10</data></hist_v>
</opencv_storage>
