<?xml version="1.0"?>
<opencv_storage>
<hist_h type_id="opencv-matrix">
  <rows>50</rows>
  <cols>1</cols>
  <dt>f</dt>
  <data>
    1.24800980e-01 7.98392668e-02 3.91235128e-02 1.34960949e-01
    5.33778146e-02 5.77754192e-02 5.50458729e-02 3.04041244e-02
    3.77587378e-02 1.62256435e-02 2.00925022e-02 7.35461339e-03
    7.58207170e-05 3.48775508e-03 5.30745368e-04 1.59223587e-03
    1.21313217e-03 1.51641550e-04 2.27462291e-03 7.58207636e-04
    7.43043423e-03 0. 1.81969814e-03 3.48775508e-03 5.23163239e-03
    2.00925022e-02 3.93509753e-02 5.32261729e-02 2.72727251e-01
    1.82803854e-01 5.04587173e-01 6.48343325e-01 6.62370145e-01
    1.00000012e+00 8.89377534e-01 2.26173326e-01 2.29357809e-01
    7.20297247e-02 9.86428112e-02 1.11001596e-01 3.23906273e-01
    1.58237934e-01 3.83653045e-02 2.00697556e-01 1.94328606e-01
    2.00015172e-01 4.45826054e-02 8.04458335e-02 4.27629091e-02
    8.02183673e-02</data></hist_h>
<hist_s type_id="opencv-matrix">
  <rows>50</rows>
  <cols>1</cols>
  <dt>f</dt>
  <data>
    1.02810591e-01 1.99016660e-01 7.49247789e-01 9.69986022e-01
    9.73508477e-01 1. 6.89440072e-01 6.34402275e-01 6.50766850e-01
    4.46393192e-01 2.25214645e-01 1.27614290e-01 5.26895113e-02
    2.47303136e-02 1.31356865e-02 7.41175609e-03 4.69655823e-03
    2.42166291e-03 1.46767450e-03 7.33837252e-04 5.13686042e-04
    1.02737208e-03 2.93534889e-04 1.46767445e-04 2.93534889e-04
    2.93534889e-04 0. 1.46767445e-04 1.46767445e-04 7.33837223e-05
    1.46767445e-04 7.33837223e-05 1.46767445e-04 7.33837223e-05 0. 0.
    7.33837223e-05 0. 0. 0. 7.33837223e-05 7.33837223e-05 0. 0. 0. 0. 0.
    0. 0. 0.</data></hist_s>
<hist_v type_id="opencv-matrix">
  <rows>100</rows>
  <cols>1</cols>
  <dt>f</dt>
  <data>
    0. 0. 0. 0. 0. 0. 0. 0. 2.26090895e-04 2.26090895e-04 4.52181790e-04
    9.04363580e-04 6.78272685e-04 9.04363580e-04 2.26090895e-04
    4.52181790e-04 2.93918164e-03 2.71309074e-03 4.52181790e-04
    3.39136343e-03 3.84354522e-03 5.87836327e-03 7.23490864e-03
    1.51480902e-02 1.13045443e-02 2.78091803e-02 6.35315403e-02
    7.73230866e-02 1.76350892e-01 1.97603449e-01 4.81799692e-01
    3.74858707e-01 5.42392075e-01 4.98530418e-01 3.34162354e-01
    5.76983988e-01 4.60547149e-01 7.88378954e-01 6.24915242e-01 1.
    6.35089338e-01 9.31946695e-01 8.89215469e-01 5.36739767e-01
    7.47456491e-01 4.50599164e-01 6.36898041e-01 3.65136802e-01
    5.17295957e-01 3.09744537e-01 4.64842886e-01 4.13972437e-01
    2.52769619e-01 3.68075967e-01 2.35812798e-01 3.29866618e-01
    2.02577442e-01 2.88491994e-01 2.82839715e-01 1.73411712e-01
    2.56839246e-01 1.65046349e-01 2.38299802e-01 1.60976723e-01
    2.32195348e-01 1.58489719e-01 2.27221355e-01 2.26769164e-01
    1.51933074e-01 2.25864798e-01 1.54193997e-01 2.10716709e-01
    1.44698173e-01 2.00994805e-01 1.41080722e-01 1.95794716e-01
    1.82455346e-01 1.13271542e-01 1.53967902e-01 9.88017246e-02
    1.39045894e-01 9.24711749e-02 1.16662905e-01 1.24576084e-01
    7.05403611e-02 1.13723718e-01 7.57404491e-02 1.06262721e-01
    7.34795406e-02 1.01514809e-01 6.71489984e-02 9.83495414e-02
    9.83495414e-02 6.21749945e-02 9.29233581e-02 6.42098114e-02
    9.92539003e-02 7.14447200e-02 1.15306355e-01 4.56929713e-01</data></hist_v>
</opencv_storage>
