<?xml version="1.0"?>
<opencv_storage>
<hist_h type_id="opencv-matrix">
  <rows>50</rows>
  <cols>1</cols>
  <dt>f</dt>
  <data>
    1.57699689e-01 6.24485314e-02 5.14685698e-02 2.92615980e-01
    4.04748827e-01 8.22948098e-01 1. 5.47762811e-01 6.44386470e-01
    6.13505363e-01 3.23771626e-01 3.73318672e-01 1.52346969e-01
    2.34971181e-01 3.45045298e-01 5.83447695e-01 4.85451549e-01
    2.60225087e-01 3.00850928e-01 1.52621463e-01 1.46033481e-01
    3.07438914e-02 3.47241275e-02 1.99011806e-02 6.86247600e-03
    6.03897870e-03 1.20779574e-02 1.37249520e-03 9.05846804e-03
    2.19599227e-03 9.05846804e-03 7.27422442e-03 1.37249517e-04
    2.08619274e-02 4.52923402e-03 6.45072712e-03 5.90172922e-03
    4.52923402e-03 2.25089211e-02 2.47049122e-03 2.60774093e-03
    9.60746605e-04 0. 4.66648350e-03 1.23524561e-03 4.28218506e-02
    1.37249517e-04 9.60746605e-04 1.68816913e-02 2.33324175e-03</data></hist_h>
<hist_s type_id="opencv-matrix">
  <rows>50</rows>
  <cols>1</cols>
  <dt>f</dt>
  <data>
    4.14870948e-01 7.91854143e-01 6.87425971e-01 7.43073642e-01
    7.91380525e-01 9.23514068e-01 9.99999940e-01 8.44660163e-01
    7.63201535e-01 5.47004521e-01 5.04617572e-01 5.69737136e-01
    5.13142288e-01 4.88278478e-01 4.35946018e-01 3.98768634e-01
    4.65782613e-01 3.15415591e-01 2.79185414e-01 2.87473351e-01
    2.14539424e-01 2.07672268e-01 1.68837309e-01 1.57944590e-01
    1.05612129e-01 1.86597198e-01 9.68505815e-02 1.06796116e-01
    6.29884005e-02 7.81434998e-02 5.49372472e-02 5.49372472e-02
    3.76509577e-02 7.69595131e-02 3.12573984e-02 3.81245539e-02
    2.98366081e-02 4.02557403e-02 2.08382681e-02 3.57565694e-02
    1.34975137e-02 3.03102080e-02 2.03646701e-02 1.25503195e-02
    1.82334837e-02 1.68126933e-02 1.04191331e-02 6.63035782e-03 0.
    4.36182797e-01</data></hist_s>
<hist_v type_id="opencv-matrix">
  <rows>100</rows>
  <cols>1</cols>
  <dt>f</dt>
  <data>
    3.39494169e-01 5.00486374e-01 3.35116744e-01 4.66926098e-01
    2.95719862e-01 4.28988338e-01 2.52918303e-01 3.54085624e-01
    3.47276270e-01 2.35894948e-01 3.32198471e-01 2.15953305e-01
    3.05933863e-01 2.07198441e-01 3.14688742e-01 1.88229576e-01
    3.23443592e-01 3.22470844e-01 2.16926068e-01 3.44357997e-01
    2.38326848e-01 3.67704302e-01 2.32976660e-01 3.72568101e-01
    2.41731510e-01 3.78404677e-01 3.74027252e-01 2.75291830e-01
    3.91536981e-01 2.77237356e-01 3.82295728e-01 2.60700405e-01
    4.01750982e-01 3.88132304e-01 2.80642033e-01 3.98346305e-01
    2.57782102e-01 3.59922200e-01 2.41731510e-01 3.54571998e-01
    2.08171204e-01 3.39494169e-01 3.23443592e-01 2.07684830e-01
    3.10311288e-01 1.89202338e-01 2.72859931e-01 1.96984440e-01
    2.46108934e-01 1.61478594e-01 2.34922186e-01 2.21303508e-01
    1.22568086e-01 2.09143966e-01 1.27431899e-01 1.64396882e-01
    8.51167291e-02 1.27918288e-01 1.28404662e-01 7.78210089e-02
    1.15272373e-01 6.76070005e-02 1.16731510e-01 7.87937716e-02
    1.24513611e-01 7.24708140e-02 1.25486374e-01 1.10408559e-01
    1.08463034e-01 1.66828796e-01 1.40564203e-01 2.21303508e-01
    1.94066152e-01 3.21984440e-01 2.52918303e-01 4.43093389e-01
    5.07295728e-01 3.82295728e-01 6.27918303e-01 5.21400809e-01
    9.40661490e-01 6.62937760e-01 1. 9.86867726e-01 5.88521421e-01
    7.32976675e-01 4.28988338e-01 4.62548643e-01 1.84824899e-01
    2.14494169e-01 9.82490256e-02 1.00680932e-01 9.48443562e-02
    6.66342378e-02 1.20622560e-01 7.63618648e-02 6.85797632e-02
    9.72762611e-03 1.07003888e-02 0.</data></hist_v>
</opencv_storage>
