<?xml version="1.0"?>
<opencv_storage>
<hist_h type_id="opencv-matrix">
  <rows>50</rows>
  <cols>1</cols>
  <dt>f</dt>
  <data>
    2.90723033e-02 7.07174838e-02 1.02209173e-01 2.19370946e-01
    1.71974763e-01 1.65628836e-01 1.59441561e-01 1.53690547e-01
    2.91912884e-01 4.32276994e-01 1. 2.85170346e-01 1.46749686e-03
    2.34006252e-03 7.53579487e-04 6.34593249e-04 3.56958713e-04 0.
    9.12227784e-04 2.37972476e-04 1.34851062e-03 0. 2.37972476e-04
    9.12227784e-04 0. 1.74513145e-03 4.75944951e-04 3.96620781e-05
    1.58648312e-04 1.18986238e-04 4.36282862e-04 3.56958713e-04
    3.96620781e-05 1.07087614e-03 1.18986238e-04 7.93241546e-04
    1.03121402e-03 3.17296624e-04 1.70546933e-03 1.98310387e-04
    4.36282862e-04 3.29195242e-03 1.98310387e-04 1.15020026e-03
    1.86411769e-03 4.99742199e-03 2.49871099e-03 8.72565713e-03
    1.11053819e-02 9.67754703e-03</data></hist_h>
<hist_s type_id="opencv-matrix">
  <rows>50</rows>
  <cols>1</cols>
  <dt>f</dt>
  <data>
    2.32961297e-01 2.39135593e-01 2.58845866e-01 2.94941813e-01
    3.49798143e-01 3.69508415e-01 4.44312513e-01 4.64972675e-01
    6.96746647e-01 6.32628858e-01 6.67299986e-01 6.06981754e-01
    5.99382579e-01 6.11256242e-01 6.33578777e-01 7.35217333e-01
    9.95725572e-01 8.59890819e-01 8.61553133e-01 9.03110921e-01
    9.66753781e-01 1. 9.98575151e-01 8.66065085e-01 7.36642182e-01
    7.34029949e-01 4.53573972e-01 3.58584642e-01 2.42222756e-01
    1.67656153e-01 1.19449057e-01 8.66777524e-02 5.98432645e-02
    4.74946573e-02 2.87342668e-02 2.30349079e-02 1.97102837e-02
    1.97102837e-02 1.30610317e-02 1.16361901e-02 6.41177874e-03
    1.02113523e-02 6.41177874e-03 2.37473287e-03 1.18736643e-03
    4.51199245e-03 2.13725958e-03 2.37473287e-04 0. 9.00023729e-02</data></hist_s>
<hist_v type_id="opencv-matrix">
  <rows>100</rows>
  <cols>1</cols>
  <dt>f</dt>
  <data>
    -2.32830644e-10 5.63153625e-03 9.11772531e-03 1.36765875e-02
    1.07267350e-02 2.09171344e-02 1.31402519e-02 2.73531768e-02
    3.43255550e-02 2.60123350e-02 4.23706062e-02 3.62027325e-02
    5.06838262e-02 3.43255550e-02 6.35559112e-02 4.85384800e-02
    7.48189837e-02 7.96460211e-02 5.57790250e-02 9.54679549e-02
    5.87288775e-02 8.25958699e-02 4.96111549e-02 8.82274061e-02
    5.36336787e-02 8.55457187e-02 9.09090936e-02 5.12201637e-02
    8.50093886e-02 5.41700162e-02 7.61598274e-02 3.37892175e-02
    6.73102736e-02 6.78466111e-02 4.42477837e-02 6.89192787e-02
    5.17565012e-02 7.69643337e-02 4.77339737e-02 8.58138874e-02
    5.84607087e-02 9.81496349e-02 1.06194690e-01 8.17913637e-02
    1.32207021e-01 9.01045874e-02 1.44542769e-01 1.10485382e-01
    1.70823261e-01 1.17725931e-01 1.84231684e-01 1.96835607e-01
    1.38643056e-01 2.31161162e-01 1.62241876e-01 2.65754879e-01
    1.92813069e-01 3.40037525e-01 3.84553492e-01 2.76749790e-01
    4.79485095e-01 3.35210502e-01 5.71735024e-01 4.29069430e-01
    7.11718976e-01 5.25341928e-01 8.53848219e-01 9.58702028e-01
    6.30732119e-01 9.99999940e-01 6.49503887e-01 9.34030533e-01
    5.92115819e-01 8.85492086e-01 5.33386946e-01 7.18423188e-01
    6.12228453e-01 3.56663972e-01 4.60981458e-01 2.50469267e-01
    3.52373272e-01 2.00858131e-01 2.44301409e-01 2.07294166e-01
    1.16116919e-01 1.52855977e-01 8.98364186e-02 1.32743359e-01
    8.09868574e-02 1.09412707e-01 6.83829412e-02 1.02440335e-01
    9.60042924e-02 6.46285862e-02 9.49316174e-02 6.30195737e-02
    9.57361236e-02 8.07186887e-02 1.50710642e-01 3.92062187e-01</data></hist_v>
</opencv_storage>
