<?xml version="1.0"?>
<opencv_storage>
<hist_h type_id="opencv-matrix">
  <rows>50</rows>
  <cols>1</cols>
  <dt>f</dt>
  <data>
    4.94629480e-02 4.85874176e-01 3.06886900e-03 5.14306307e-01
    4.17907760e-02 8.39606464e-01 5.68101823e-01 4.39570360e-02
    7.34001219e-01 8.98998082e-02 1. 1.11381888e-01 2.61756475e-03
    1.24198928e-01 1.76911261e-02 4.68453802e-02 2.45509520e-02
    1.22754760e-02 7.96100721e-02 4.76577282e-02 1.13006584e-01
    3.24939080e-02 8.62893760e-02 8.61088559e-02 5.51493801e-02
    7.04034641e-02 8.86361599e-02 4.26933840e-02 1.59851968e-01
    2.89737340e-02 4.91921641e-02 1.66079961e-02 7.22086814e-04
    1.64274741e-02 1.80521701e-03 4.60330350e-03 9.92869376e-04 0.
    3.15912976e-03 9.02608517e-05 4.51304251e-04 4.51304251e-04
    2.70782562e-04 1.08313025e-03 3.24939075e-03 2.74122208e-01
    3.61043407e-04 3.52017325e-03 1.08403280e-01 6.58904202e-03</data></hist_h>
<hist_s type_id="opencv-matrix">
  <rows>50</rows>
  <cols>1</cols>
  <dt>f</dt>
  <data>
    5.29537618e-01 1. 8.08042049e-01 2.96348512e-01 1.50775522e-01
    8.28511715e-02 5.47965206e-02 4.42942604e-02 4.57529053e-02
    3.23819704e-02 2.74225716e-02 2.49914918e-02 1.94486324e-02
    1.75523907e-02 1.36626642e-02 1.52185541e-02 1.45378523e-02
    1.26416106e-02 1.13774491e-02 8.84912722e-03 6.41804840e-03
    7.05012912e-03 5.39699523e-03 5.34837367e-03 1.79899845e-03
    7.05012912e-03 3.40351067e-03 3.69524001e-03 2.77142995e-03
    2.91729486e-03 1.55589054e-03 1.75037689e-03 2.18797103e-03
    2.38245749e-03 1.55589054e-03 1.79899845e-03 8.26566829e-04
    1.84762001e-03 6.80702098e-04 1.11829629e-03 5.34837367e-04
    8.26566829e-04 5.34837367e-04 2.43107905e-04 2.43107905e-04
    3.88972636e-04 2.43107905e-04 9.72431590e-05 0. 6.80702133e-03</data></hist_s>
<hist_v type_id="opencv-matrix">
  <rows>100</rows>
  <cols>1</cols>
  <dt>f</dt>
  <data>
    1.07962210e-02 1.21457484e-02 1.04588391e-02 2.56410241e-02
    2.39541158e-02 6.17408901e-02 6.68016151e-02 1.33265853e-01
    1.47435889e-01 8.53576213e-02 1.03913628e-01 8.19838047e-02
    1.05600536e-01 5.87044507e-02 9.37921703e-02 6.17408901e-02
    8.80566761e-02 7.96221271e-02 6.44399449e-02 9.75033715e-02
    7.69230723e-02 1.15047231e-01 8.83940607e-02 1.47098511e-01
    1.11673407e-01 1.80499315e-01 2.30431840e-01 1.69365719e-01
    3.02968949e-01 2.18286097e-01 4.02833998e-01 3.02294195e-01
    5.14170051e-01 6.08974338e-01 4.24426436e-01 7.44264483e-01
    5.34750342e-01 8.28609943e-01 5.93792140e-01 9.18016136e-01
    6.38326585e-01 9.53778625e-01 9.60526288e-01 6.40013456e-01
    9.99999940e-01 6.52496576e-01 9.93252337e-01 6.42037749e-01
    9.84817803e-01 6.31578922e-01 8.84952724e-01 8.11740875e-01
    4.81106609e-01 6.57219946e-01 3.78542513e-01 5.10458827e-01
    2.86437243e-01 3.56950045e-01 2.77665317e-01 1.46761134e-01
    2.00742230e-01 9.64912251e-02 1.31916329e-01 7.05128163e-02
    8.97435844e-02 4.25101183e-02 5.26315756e-02 4.79082316e-02
    2.66531706e-02 3.10391355e-02 1.95681509e-02 2.56410241e-02
    1.24831302e-02 2.09176783e-02 1.14709847e-02 1.31578939e-02
    9.10931174e-03 5.06072864e-03 7.42240204e-03 3.71120102e-03
    4.72334679e-03 2.69905524e-03 5.06072864e-03 3.71120102e-03
    1.68690947e-03 1.34952762e-03 2.36167340e-03 1.68690947e-03
    2.36167340e-03 2.69905524e-03 1.68690947e-03 2.02429155e-03
    2.69905524e-03 1.34952762e-03 1.01214577e-03 1.01214577e-03
    6.74763811e-04 3.37381905e-04 0. 1.01214577e-03</data></hist_v>
</opencv_storage>
