<?xml version="1.0"?>
<opencv_storage>
<hist_h type_id="opencv-matrix">
  <rows>50</rows>
  <cols>1</cols>
  <dt>f</dt>
  <data>
    7.10833445e-02 9.66639146e-02 1.44288570e-01 2.94824928e-01
    2.79264420e-01 4.66344446e-01 4.68112707e-01 3.95496875e-01
    5.42968333e-01 4.89567369e-01 4.40881759e-01 4.20959562e-01
    1.95803374e-01 1.71755269e-01 8.87657627e-02 1.30142629e-01
    1.24130614e-01 2.79382300e-02 4.56206501e-02 7.12012276e-02
    5.62301055e-02 3.54827270e-02 4.30272296e-02 7.45019466e-02
    6.89614490e-02 1.15171514e-01 2.97772020e-01 6.56017959e-01 1.
    4.53731000e-01 4.88034859e-02 9.54850949e-03 1.53247686e-03
    1.21419309e-02 3.06495349e-03 3.41860182e-03 3.41860182e-03
    1.88612519e-03 4.47954703e-03 1.41459401e-03 2.35765660e-03
    8.25179799e-04 0. 2.71130493e-03 4.71531355e-04 4.36166441e-03
    5.89414092e-04 3.77225061e-03 7.66238337e-03 7.19085196e-03</data></hist_h>
<hist_s type_id="opencv-matrix">
  <rows>50</rows>
  <cols>1</cols>
  <dt>f</dt>
  <data>
    3.18824500e-02 1.59135014e-01 7.03077316e-01 7.70169079e-01
    4.54671443e-01 4.08927083e-01 4.62434143e-01 4.52176303e-01
    5.31189322e-01 4.37205434e-01 4.42750186e-01 5.19268095e-01
    5.42001665e-01 5.67784846e-01 5.41447163e-01 5.72775126e-01
    6.69531465e-01 5.27307987e-01 5.24535596e-01 5.04297197e-01
    4.71305788e-01 4.14471835e-01 4.03659523e-01 3.77876341e-01
    3.66509557e-01 4.79622960e-01 3.63182694e-01 3.59855831e-01
    3.36845011e-01 3.24092031e-01 2.84169674e-01 2.56445795e-01
    2.34266698e-01 2.76129752e-01 1.57471582e-01 1.56639859e-01
    1.34460762e-01 1.18380919e-01 1.08400330e-01 8.64984691e-02
    7.37454891e-02 7.87357911e-02 5.96063212e-02 3.96451354e-02
    2.96645388e-02 3.16052064e-02 2.32880488e-02 1.46936476e-02 0.
    9.99999940e-01</data></hist_s>
<hist_v type_id="opencv-matrix">
  <rows>100</rows>
  <cols>1</cols>
  <dt>f</dt>
  <data>
    1.09444439e-01 2.19999999e-01 9.61111188e-02 2.11111128e-01
    7.11111128e-02 1.78333342e-01 4.16666716e-02 1.44444436e-01
    1.12777770e-01 2.44444460e-02 1.42222226e-01 1.61111057e-02
    1.20555550e-01 1.11111104e-02 9.72222388e-02 1.72222257e-02
    1.14444435e-01 1.37777776e-01 4.38888967e-02 1.47777796e-01
    3.11111063e-02 1.32777780e-01 5.11111170e-02 1.20555550e-01
    5.33333421e-02 1.45555556e-01 1.22222215e-01 2.66666710e-02
    1.15555555e-01 3.16666663e-02 1.20555550e-01 4.16666716e-02
    1.12777770e-01 1.22222215e-01 0. 1.08333349e-01 1.99999958e-02
    7.94444382e-02 0. 1.25000000e-01 3.44444513e-02 1.17777795e-01
    1.00555569e-01 3.55555564e-02 1.37222230e-01 4.38888967e-02
    1.98888898e-01 7.00000077e-02 2.46111125e-01 9.94444489e-02
    2.93333352e-01 2.79444456e-01 1.51666671e-01 3.48333329e-01
    1.62222236e-01 3.75555545e-01 1.90555573e-01 3.71111125e-01
    3.80000025e-01 2.01111108e-01 3.97222251e-01 1.95555568e-01
    3.99444431e-01 2.02222228e-01 4.13888901e-01 2.41111130e-01
    4.09444481e-01 3.98888916e-01 1.75555557e-01 3.81666690e-01
    2.21666664e-01 3.92222255e-01 2.24444449e-01 4.04444426e-01
    2.14444458e-01 3.86666685e-01 3.33333343e-01 1.89999998e-01
    3.82777780e-01 1.63888901e-01 3.33333343e-01 1.50555551e-01
    3.25000018e-01 2.85555571e-01 1.48888886e-01 2.96666682e-01
    1.55000001e-01 3.05000007e-01 1.51111126e-01 3.32222253e-01
    1.57222241e-01 3.15555573e-01 3.01666677e-01 1.52222216e-01
    3.46111149e-01 1.87222242e-01 4.00000006e-01 2.95000017e-01
    7.21666694e-01 1.</data></hist_v>
</opencv_storage>
