<?xml version="1.0"?>
<opencv_storage>
<hist_h type_id="opencv-matrix">
  <rows>50</rows>
  <cols>1</cols>
  <dt>f</dt>
  <data>
    1.80187181e-01 1.73681363e-01 1.15947239e-01 1.86812744e-01
    2.24171296e-01 2.48677880e-01 3.64126205e-01 3.23215395e-01
    1.69590294e-01 2.42172062e-01 1.60270602e-01 3.57879817e-01
    3.30519468e-01 1. 4.27927107e-01 1.99365377e-01 1.08343810e-01
    4.86339778e-02 5.41619249e-02 3.30080427e-02 3.40856910e-02
    2.67816149e-02 2.60831378e-02 2.85377875e-02 3.94140780e-02
    8.24602395e-02 1.32471204e-01 1.52367830e-01 1.89566731e-01
    1.09441422e-01 5.58582284e-02 3.26089114e-02 8.72098841e-03
    1.07964640e-02 5.50799258e-03 1.77612808e-03 4.90929792e-03 0.
    2.63425731e-03 1.93578005e-03 4.35051601e-03 1.93578005e-03
    1.41691114e-03 8.68107565e-03 6.14660047e-03 1.11756371e-02
    1.60250664e-02 1.95374079e-02 4.12101597e-02 6.86303899e-02</data></hist_h>
<hist_s type_id="opencv-matrix">
  <rows>50</rows>
  <cols>1</cols>
  <dt>f</dt>
  <data>
    2.15764884e-02 1.51035413e-01 2.70638108e-01 4.89467114e-01
    3.94658238e-01 2.84069151e-01 4.18507278e-01 3.91543031e-01
    2.64458805e-01 2.12879509e-01 3.17084998e-01 4.41998839e-01
    4.88598943e-01 4.97663617e-01 5.72734475e-01 7.56479323e-01 1.
    5.78045607e-01 1.98120683e-01 5.65840229e-02 1.69547796e-02
    1.02137225e-02 5.69414999e-03 2.27255328e-03 1.76186708e-03
    6.89426262e-04 2.04274445e-04 7.66029189e-05 1.02137223e-04 0. 0. 0.
    2.55343057e-05 0. 0. 0. 0. 0. 0. 0. 0. 0. 0. 0. 0. 0. 0. 0. 0. 0.</data></hist_s>
<hist_v type_id="opencv-matrix">
  <rows>100</rows>
  <cols>1</cols>
  <dt>f</dt>
  <data>
    0. 0. 0. 0. 0. 0. 0. 0. 0. 0. 0. 0. 0. 0. 1.14619746e-04
    1.71929627e-04 6.30408584e-04 1.20350730e-03 1.54736661e-03
    4.98595880e-03 5.90291712e-03 1.78806800e-02 2.43566968e-02
    6.70525506e-02 7.53051713e-02 1.45165905e-01 1.46082863e-01
    7.91449323e-02 1.12040803e-01 7.11215511e-02 1.09691098e-01
    8.06922987e-02 1.32958904e-01 1.50782272e-01 1.20637283e-01
    2.09811449e-01 1.47229061e-01 2.36517847e-01 1.70955345e-01
    3.12166870e-01 2.47750580e-01 4.27187800e-01 4.95157301e-01
    3.64376187e-01 6.20665908e-01 4.95386541e-01 8.05203736e-01
    5.88858962e-01 9.32259679e-01 6.74995661e-01 1. 7.58668125e-01
    4.88681287e-01 5.95392287e-01 2.17490971e-01 2.38294452e-01
    1.21439621e-01 1.54507414e-01 1.49464145e-01 1.07627943e-01
    1.64651260e-01 1.19032606e-01 2.01329589e-01 1.55768231e-01
    2.78984457e-01 1.98979884e-01 3.72227639e-01 3.87185514e-01
    2.42707312e-01 3.39675605e-01 2.09066421e-01 2.75545865e-01
    1.66370556e-01 2.34683931e-01 1.48432568e-01 2.14224309e-01
    2.24941254e-01 1.51011512e-01 2.06659406e-01 1.37944862e-01
    1.97260588e-01 1.25107452e-01 1.86314404e-01 1.43045440e-01
    7.75975659e-02 9.50197726e-02 5.17508164e-02 6.96888044e-02
    3.62198390e-02 4.01742198e-02 2.22362317e-02 2.67637111e-02
    1.98292155e-02 1.33532006e-02 1.71929616e-02 1.34678204e-02
    2.76806690e-02 2.26947106e-02 4.50455621e-02 3.81683744e-02</data></hist_v>
</opencv_storage>
