<?xml version="1.0"?>
<opencv_storage>
<hist_h type_id="opencv-matrix">
  <rows>50</rows>
  <cols>1</cols>
  <dt>f</dt>
  <data>
    3.49169642e-01 2.29880154e-01 3.33657771e-01 8.81805420e-01
    9.99999940e-01 8.67935956e-01 2.51900971e-01 8.93606618e-02
    1.36565477e-01 5.42003773e-02 1.68501735e-02 3.29095423e-02
    2.49406882e-03 3.58294286e-02 3.95401195e-03 6.32641837e-03
    2.12908303e-03 -1.16415322e-10 1.02804303e-02 3.04154749e-03
    3.33353616e-02 8.51633260e-04 2.37240689e-03 8.63799453e-03
    1.64243556e-03 1.03412615e-02 2.96246726e-02 9.97627620e-03
    5.13413213e-02 3.91143002e-02 1.45872608e-01 1.45507619e-01
    7.64645040e-02 2.82012284e-01 1.62357792e-01 4.33116369e-02
    1.14727169e-01 1.59377083e-02 2.96246737e-01 2.67656185e-02
    3.60119231e-02 1.45385973e-02 9.30713583e-03 4.58057038e-02
    4.83606048e-02 5.17063066e-02 2.12300010e-02 1.54632270e-01
    6.61232397e-02 8.61366242e-02</data></hist_h>
<hist_s type_id="opencv-matrix">
  <rows>50</rows>
  <cols>1</cols>
  <dt>f</dt>
  <data>
    1. 6.46377385e-01 5.57190180e-01 3.19848001e-01 2.01176912e-01
    1.83584645e-01 1.30133629e-01 1.22287601e-01 1.51403710e-01
    1.05553515e-01 9.50717181e-02 8.77160728e-02 8.25058222e-02
    8.74095857e-02 9.12100002e-02 1.11192837e-01 1.42025262e-01
    1.41412288e-01 1.53242618e-01 1.75738633e-01 1.94985896e-01
    1.97070003e-01 1.78435698e-01 1.60598263e-01 1.26639694e-01
    1.42147854e-01 9.45813432e-02 8.94936845e-02 6.65685907e-02
    5.90290539e-02 5.38801067e-02 4.38273884e-02 3.69621217e-02
    3.83106545e-02 2.40897406e-02 2.26799082e-02 1.92472730e-02
    1.66114997e-02 1.29949749e-02 1.50177777e-02 9.62363556e-03
    1.23207066e-02 9.56233963e-03 1.11560635e-02 7.41694262e-03
    5.82321966e-03 3.49393161e-03 2.20669387e-03 0. 4.00269739e-02</data></hist_s>
<hist_v type_id="opencv-matrix">
  <rows>100</rows>
  <cols>1</cols>
  <dt>f</dt>
  <data>
    0. 3.02334465e-02 1.16341367e-01 1.96326047e-01 1.31649435e-01
    2.39571363e-01 1.92499042e-01 3.36394936e-01 2.78989643e-01
    1.67240709e-01 2.26176798e-01 1.56907767e-01 1.96708754e-01
    1.34328350e-01 1.76808253e-01 1.12897053e-01 1.75277457e-01
    1.84845001e-01 1.31649435e-01 1.93264440e-01 1.26674309e-01
    1.92499042e-01 1.31266743e-01 2.05128193e-01 1.32032141e-01
    1.99004963e-01 2.17374653e-01 1.40834287e-01 2.29238421e-01
    1.51549935e-01 2.21584380e-01 1.34328350e-01 1.97856858e-01
    2.08189815e-01 1.41216978e-01 2.23115176e-01 1.53080747e-01
    2.60237277e-01 1.65709898e-01 2.53348619e-01 1.76808253e-01
    2.66743183e-01 2.92001516e-01 1.92881733e-01 2.97359347e-01
    2.08955213e-01 3.17642540e-01 2.21967071e-01 3.51320297e-01
    2.52965927e-01 3.74665111e-01 3.73134315e-01 2.65977800e-01
    4.26329881e-01 2.84347475e-01 4.58476841e-01 3.08075011e-01
    4.89092976e-01 5.29276729e-01 3.70838106e-01 5.59510171e-01
    3.96861821e-01 6.01607382e-01 4.27860677e-01 6.34519696e-01
    4.60007638e-01 6.71641827e-01 6.82740152e-01 4.76081103e-01
    7.29429781e-01 4.60007638e-01 7.56218910e-01 5.18943727e-01
    8.69115949e-01 6.03138149e-01 8.97818625e-01 9.14657474e-01
    6.07730567e-01 9.08916950e-01 6.01607382e-01 9.40681219e-01
    6.23038650e-01 8.86337519e-01 9.20015335e-01 5.68312287e-01
    8.05204749e-01 4.94833499e-01 7.11825490e-01 4.76081103e-01
    7.22541153e-01 4.86796767e-01 8.00612330e-01 8.77535403e-01
    6.22655988e-01 1. 6.06199801e-01 8.35438192e-01 3.14963639e-01
    3.48641396e-01 3.06544185e-01</data></hist_v>
</opencv_storage>
