<?xml version="1.0"?>
<opencv_storage>
<hist_h type_id="opencv-matrix">
  <rows>50</rows>
  <cols>1</cols>
  <dt>f</dt>
  <data>
    1.14859045e-01 2.17677966e-01 2.73387462e-01 6.18920207e-01
    3.38843733e-01 2.71189660e-01 3.60917330e-01 4.59627301e-01
    8.14429045e-01 1. 9.63401794e-01 3.36932600e-01 6.57429472e-02
    4.29049172e-02 2.33158134e-02 3.16292383e-02 2.44624931e-02
    5.92450984e-03 2.95269936e-02 1.75824165e-02 2.36980412e-02
    3.24892486e-03 2.31247004e-02 1.06067844e-02 1.07023409e-02
    1.57668423e-02 2.28380319e-02 4.87338705e-03 4.54849452e-02
    1.29956994e-02 4.13760133e-02 3.45914923e-02 6.88007614e-03
    2.06402279e-02 6.97563263e-03 6.97563263e-03 4.77783056e-03
    2.86669820e-04 4.30004718e-03 9.55566211e-05 2.77114171e-03
    6.68896304e-04 0. 4.20449069e-03 1.24223600e-03 4.58671711e-03
    2.77114171e-03 1.78690869e-02 1.84424259e-02 1.91113222e-02</data></hist_h>
<hist_s type_id="opencv-matrix">
  <rows>50</rows>
  <cols>1</cols>
  <dt>f</dt>
  <data>
    3.20781022e-02 7.58716837e-02 5.23291469e-01 6.27615035e-01
    8.23709846e-01 7.64574587e-01 7.32775450e-01 6.35146439e-01
    6.60529971e-01 5.16875863e-01 4.56903756e-01 4.71966505e-01
    4.50209171e-01 5.14086425e-01 5.40306807e-01 6.58019483e-01
    9.13528562e-01 8.70013893e-01 1. 9.81032014e-01 9.59832609e-01
    8.50767076e-01 7.66248226e-01 6.52719617e-01 5.03765643e-01
    4.94560659e-01 3.06834012e-01 2.34588549e-01 1.84937224e-01
    1.41980469e-01 1.05718262e-01 9.42817256e-02 6.83403015e-02
    7.47559220e-02 4.82566208e-02 3.76569033e-02 2.92886999e-02
    2.84518804e-02 2.48256605e-02 2.09205020e-02 1.58995800e-02
    1.67364012e-02 4.18409985e-03 5.29986061e-03 9.76289995e-03
    4.74197976e-03 2.23151967e-03 2.78939493e-04 0. 2.08647132e-01</data></hist_s>
<hist_v type_id="opencv-matrix">
  <rows>100</rows>
  <cols>1</cols>
  <dt>f</dt>
  <data>
    1.86264515e-09 2.88214143e-02 1.13226976e-02 5.97015023e-02
    4.68347967e-02 1.06021628e-01 9.67575982e-02 2.06896558e-01
    2.28512615e-01 1.71384469e-01 2.81523436e-01 1.81163162e-01
    2.77920753e-01 1.66752458e-01 2.55275369e-01 1.35357708e-01
    2.13072583e-01 1.88883185e-01 1.16829649e-01 1.97632536e-01
    9.98456031e-02 1.92485854e-01 1.01904273e-01 1.59547105e-01
    1.26093686e-01 1.53885752e-01 1.87853843e-01 1.15800321e-01
    1.81677833e-01 1.15800321e-01 2.15131253e-01 1.36901706e-01
    2.26453960e-01 2.69171387e-01 1.69325799e-01 3.00051481e-01
    2.02264547e-01 3.47915620e-01 2.23365948e-01 3.49974275e-01
    2.39835322e-01 4.19454485e-01 4.55481231e-01 3.21667552e-01
    5.33710778e-01 3.57694298e-01 6.09366953e-01 4.24601167e-01
    6.65980458e-01 4.76067990e-01 7.65311360e-01 7.92074144e-01
    5.34225404e-01 8.19866180e-01 5.58414817e-01 8.52290273e-01
    5.39372087e-01 8.05970132e-01 8.39938223e-01 5.19814730e-01
    7.27225959e-01 4.45187867e-01 6.23263001e-01 3.89603734e-01
    5.69222867e-01 3.19608867e-01 4.52907890e-01 3.82913053e-01
    2.23880619e-01 3.45856935e-01 1.82192504e-01 2.78435439e-01
    1.34843037e-01 2.17189923e-01 1.15800321e-01 1.98147207e-01
    1.85795173e-01 1.08080298e-01 1.84765846e-01 1.20947003e-01
    2.17189923e-01 1.36901706e-01 2.49614000e-01 2.83582121e-01
    2.03293890e-01 4.05043781e-01 2.88214117e-01 6.00102961e-01
    4.32321191e-01 9.03242409e-01 7.02521861e-01 1. 8.09058189e-01
    3.82398367e-01 2.72774071e-01 8.85229111e-02 8.08028877e-02
    3.65414396e-02 3.03654168e-02 1.00874946e-01</data></hist_v>
</opencv_storage>
