<?xml version="1.0"?>
<opencv_storage>
<hist_h type_id="opencv-matrix">
  <rows>50</rows>
  <cols>1</cols>
  <dt>f</dt>
  <data>
    4.75788206e-01 1.58394933e-01 1.48061544e-01 9.17860925e-01 1.
    6.18796170e-01 2.56826073e-01 2.91144960e-02 2.79529333e-01
    5.46839647e-02 4.11826819e-02 1.14647755e-02 2.48906319e-03
    3.04721668e-02 1.28224469e-03 2.26278463e-03 1.13139236e-02 0.
    3.69588169e-03 9.80540062e-04 3.34137864e-02 0. 3.84673406e-03
    3.54502932e-03 1.13139232e-03 2.48906319e-03 4.97812638e-03
    9.72997397e-03 3.77885029e-02 7.37667829e-02 3.24332491e-02
    2.01387834e-02 7.46718934e-03 4.32946123e-02 4.78201844e-02
    5.40805534e-02 6.35842532e-02 2.73796953e-02 5.52873723e-02
    1.00392215e-01 1.09292500e-01 1.07180566e-01 3.42434756e-02
    1.03560112e-01 4.20877971e-02 1.50550604e-01 3.49977352e-02
    6.37351051e-02 4.07301262e-02 3.22823934e-02</data></hist_h>
<hist_s type_id="opencv-matrix">
  <rows>50</rows>
  <cols>1</cols>
  <dt>f</dt>
  <data>
    8.78305972e-01 5.30021489e-01 9.07970011e-01 8.51679802e-01
    2.24803448e-01 1.22230165e-01 1.23838462e-01 1.37419596e-01
    1.59042180e-01 1.49035037e-01 1.33130819e-01 1.49571136e-01
    1.52787715e-01 1.50822029e-01 1.80664778e-01 2.02108666e-01
    3.36311668e-01 2.68048614e-01 3.11829895e-01 4.05468196e-01
    3.33809882e-01 3.58470351e-01 3.26304525e-01 3.17548275e-01
    2.43388146e-01 4.72659051e-01 2.53037900e-01 2.56075770e-01
    2.08005726e-01 2.50357419e-01 1.68870628e-01 1.73159406e-01
    1.31522521e-01 2.91994303e-01 1.18298791e-01 1.10078633e-01
    1.00428879e-01 1.45997152e-01 6.66547567e-02 9.79270935e-02
    3.64546105e-02 8.39885622e-02 5.59328124e-02 4.39599715e-02
    4.34238762e-02 3.55611145e-02 2.23373845e-02 1.23302368e-02 0. 1.</data></hist_s>
<hist_v type_id="opencv-matrix">
  <rows>100</rows>
  <cols>1</cols>
  <dt>f</dt>
  <data>
    9.99999940e-01 8.62841845e-01 3.91939133e-01 5.16553521e-01
    3.23462874e-01 4.83035177e-01 2.61155665e-01 3.01871270e-01
    2.91383922e-01 1.83220237e-01 2.31338680e-01 1.58338472e-01
    1.98025912e-01 1.21529914e-01 1.81163892e-01 9.72650573e-02
    1.35718703e-01 1.41887724e-01 9.47974473e-02 1.51346907e-01
    1.01994649e-01 1.63479343e-01 1.15977786e-01 2.02344239e-01
    1.37569413e-01 2.21673861e-01 2.22907677e-01 1.58955380e-01
    2.49228865e-01 1.59161016e-01 2.29282334e-01 1.47234216e-01
    1.98231548e-01 1.94735765e-01 1.09603122e-01 1.55459598e-01
    9.19185653e-02 1.33867994e-01 7.32058361e-02 9.68537927e-02
    5.49043790e-02 6.62142709e-02 7.17663988e-02 3.94818038e-02
    5.32593057e-02 3.00226193e-02 4.89409789e-02 3.20789665e-02
    5.09973243e-02 3.22845951e-02 4.91466150e-02 5.61381802e-02
    3.18733305e-02 5.16142324e-02 3.51634771e-02 5.32593057e-02
    3.22845951e-02 5.61381802e-02 6.78593442e-02 5.38762063e-02
    1.12893276e-01 8.88340473e-02 1.68003291e-01 1.27082050e-01
    2.43882388e-01 1.97203383e-01 3.29631925e-01 3.30248833e-01
    2.11803421e-01 2.78634578e-01 1.59572288e-01 2.03783676e-01
    1.12482004e-01 1.15155257e-01 6.49804622e-02 1.01172112e-01
    8.30762908e-02 4.48282957e-02 6.60086349e-02 3.20789665e-02
    4.48282957e-02 2.07690727e-02 3.51634771e-02 3.18733305e-02
    1.74789224e-02 2.52930280e-02 8.63664411e-03 2.07690727e-02
    8.22537579e-03 1.17211603e-02 3.70141864e-03 1.08986218e-02
    9.25354660e-03 2.87888106e-03 6.99156895e-03 0. 8.84227827e-03
    2.67324690e-03 5.34649380e-03 2.89944466e-02</data></hist_v>
</opencv_storage>
