<?xml version="1.0"?>
<opencv_storage>
<hist_h type_id="opencv-matrix">
  <rows>50</rows>
  <cols>1</cols>
  <dt>f</dt>
  <data>
    6.96399715e-03 8.76115728e-03 2.23147427e-03 1.75223142e-01
    1.04534840e-02 1.38995394e-01 3.94925997e-02 2.05325577e-02
    4.87329997e-02 5.04702553e-02 1.93194747e-02 2.91888807e-02
    3.24986503e-03 1.29545322e-02 1.47217400e-02 2.08470616e-02
    1.60246808e-02 2.63583520e-03 1.31492242e-02 2.57143714e-02
    1.47816455e-02 6.63451757e-03 2.82154195e-02 1.38830645e-02
    1.95590965e-02 2.69723833e-02 2.91289762e-02 3.36817801e-02
    2.36730963e-01 4.77595389e-01 1. 1.18762357e-02 1.40777580e-03
    6.00551162e-03 3.04019637e-03 3.51943914e-03 2.57592998e-03
    7.48816819e-05 6.15527481e-03 4.19337448e-04 8.53651203e-04
    2.54597748e-04 0. 1.96190015e-03 2.84550420e-04 4.62768832e-03
    1.19810706e-04 9.73461953e-04 2.47109565e-03 1.18313066e-03</data></hist_h>
<hist_s type_id="opencv-matrix">
  <rows>50</rows>
  <cols>1</cols>
  <dt>f</dt>
  <data>
    2.98316181e-02 7.95509815e-02 2.25306049e-01 2.92040497e-01
    3.04149926e-01 2.58629084e-01 2.26410925e-01 3.41450483e-01
    8.05232704e-01 8.00636411e-01 7.70451248e-01 6.34816825e-01 1.
    8.77005339e-01 6.43125474e-01 2.23538250e-01 6.82370663e-02
    2.26720292e-02 1.63079500e-02 9.76709276e-03 7.24797836e-03
    4.15432872e-03 4.64047398e-03 3.18203913e-03 7.07119820e-04
    3.40301404e-03 2.12135958e-03 9.72289767e-04 1.06067979e-03
    1.10487477e-03 6.62924838e-04 5.30339894e-04 5.30339894e-04
    8.39704764e-04 2.65169947e-04 3.09364928e-04 4.41949873e-04
    2.65169947e-04 8.83899775e-05 3.09364928e-04 4.41949887e-05
    4.41949887e-05 8.83899775e-05 4.41949887e-05 1.32584973e-04 0.
    8.83899775e-05 0. 0. 9.72289767e-04</data></hist_s>
<hist_v type_id="opencv-matrix">
  <rows>100</rows>
  <cols>1</cols>
  <dt>f</dt>
  <data>
    0. 1.59939227e-04 1.99924034e-04 7.19726493e-04 1.07958971e-03
    2.71896692e-03 2.93888338e-03 7.01733353e-03 1.20554194e-02
    1.19954422e-02 2.61900481e-02 2.52304133e-02 4.74819578e-02
    3.84653844e-02 6.10967875e-02 3.90251726e-02 5.24200834e-02
    4.31436077e-02 2.46306397e-02 3.30474451e-02 2.03722585e-02
    2.61900481e-02 1.64537467e-02 2.36510132e-02 1.47144096e-02
    2.34310962e-02 2.09520385e-02 1.36148268e-02 2.06321590e-02
    1.55940754e-02 2.50704736e-02 1.68136097e-02 2.63699796e-02
    2.76295003e-02 1.89727899e-02 3.09482403e-02 2.18916815e-02
    3.47667895e-02 2.47705877e-02 4.01447490e-02 2.70097367e-02
    4.16841619e-02 4.08644751e-02 2.81892885e-02 3.59263495e-02
    2.19716504e-02 3.22677419e-02 2.00123955e-02 3.04084457e-02
    1.92926694e-02 2.66898572e-02 2.76694857e-02 1.94726009e-02
    2.61700563e-02 1.97325014e-02 3.09082549e-02 2.22515445e-02
    3.32873538e-02 3.22277546e-02 1.85729414e-02 2.15917956e-02
    1.45344771e-02 2.31312104e-02 1.19154723e-02 1.56340580e-02
    1.08758677e-02 1.25552295e-02 1.04760202e-02 6.55750837e-03
    1.13556851e-02 6.37757638e-03 9.51638445e-03 5.87776629e-03
    7.63709797e-03 4.45830589e-03 6.59749284e-03 7.53713585e-03
    6.47753850e-03 1.12557234e-02 8.53675697e-03 1.17155490e-02
    8.89662001e-03 1.73334125e-02 1.93926301e-02 1.85929351e-02
    3.68859842e-02 2.51104590e-02 3.59463431e-02 1.99724101e-02
    3.23277190e-02 2.56302599e-02 3.88452411e-02 5.09806313e-02
    3.17879245e-02 5.67984208e-02 5.02009280e-02 8.11691582e-02
    5.66984564e-02 1.84289977e-01 1.00000012e+00</data></hist_v>
</opencv_storage>
