<?xml version="1.0"?>
<opencv_storage>
<hist_h type_id="opencv-matrix">
  <rows>50</rows>
  <cols>1</cols>
  <dt>f</dt>
  <data>
    2.99523324e-01 3.35005939e-01 3.87423426e-01 1.00000012e+00
    5.43224275e-01 4.41830069e-01 4.29912917e-02 7.09652016e-03
    1.82430744e-02 4.74893395e-03 4.28300072e-03 2.47302977e-03
    8.96025274e-04 2.38342723e-03 4.30092099e-04 7.52661203e-04
    4.55180835e-03 0. 1.02146878e-03 7.52661203e-04 3.96043155e-03
    1.79205046e-04 7.16820185e-04 1.03938929e-03 1.79205046e-04
    2.52679130e-03 8.06422730e-04 5.01774135e-04 7.70581712e-04
    5.73456171e-04 1.95333501e-03 1.11107132e-03 5.37615124e-05
    6.86355354e-03 8.06422730e-04 1.30819692e-03 1.72036851e-03
    8.06422730e-04 2.47302977e-03 5.37615153e-04 1.21859438e-03
    2.86728074e-03 2.86728085e-04 2.77767843e-03 3.35113448e-03
    9.56954993e-03 4.51596733e-03 1.45335300e-02 5.83133250e-02
    8.53195265e-02</data></hist_h>
<hist_s type_id="opencv-matrix">
  <rows>50</rows>
  <cols>1</cols>
  <dt>f</dt>
  <data>
    7.18903244e-02 0. 1.22603774e-03 3.39946896e-03 4.51404452e-02
    6.02987111e-02 7.29491711e-02 1.08281314e-01 1.40492648e-01
    7.37293810e-02 5.16607165e-02 3.72826606e-02 3.75055745e-02
    3.85644212e-02 4.27998230e-02 5.52830994e-02 9.27886814e-02
    8.78288001e-02 1.13018274e-01 1.43223360e-01 1.49520740e-01
    1.76103443e-01 2.01181442e-01 2.07423091e-01 2.15113699e-01
    2.85053492e-01 2.20073551e-01 2.13107437e-01 2.03967899e-01
    1.95831478e-01 1.84295595e-01 1.85577363e-01 1.79391444e-01
    2.24977702e-01 1.50300935e-01 1.33247882e-01 1.23606771e-01
    1.23662502e-01 9.75813717e-02 9.35688764e-02 7.47324973e-02
    9.71355289e-02 5.37226945e-02 4.99331206e-02 3.58337089e-02
    3.45519409e-02 2.36847997e-02 1.15358904e-02 1.19817182e-02 1.</data></hist_s>
<hist_v type_id="opencv-matrix">
  <rows>100</rows>
  <cols>1</cols>
  <dt>f</dt>
  <data>
    4.37175244e-01 2.86726505e-01 1.52102023e-01 2.18941897e-01
    1.02503538e-01 1.76192716e-01 9.80160534e-02 1.96504474e-01
    2.22720832e-01 1.53519124e-01 2.71374583e-01 1.81388751e-01
    3.48842680e-01 2.23901749e-01 3.90410960e-01 2.81294286e-01
    4.73311305e-01 5.33537984e-01 3.63486052e-01 6.16202176e-01
    4.07416135e-01 7.19650447e-01 5.01889467e-01 8.16249371e-01
    5.29522896e-01 8.62541318e-01 8.84978712e-01 6.00614071e-01
    9.15210187e-01 6.32262647e-01 9.97165740e-01 6.21870577e-01
    9.99999940e-01 9.69768465e-01 6.07227206e-01 9.86301363e-01
    6.07699573e-01 9.44260776e-01 5.81247032e-01 8.71516287e-01
    5.70618808e-01 8.61596584e-01 8.40576291e-01 5.09683490e-01
    7.89088309e-01 5.12517691e-01 7.37128019e-01 4.81341481e-01
    7.00519562e-01 4.33396310e-01 6.72886133e-01 6.63911164e-01
    3.96787882e-01 6.34624481e-01 3.73405755e-01 5.83608866e-01
    3.57817650e-01 5.21965027e-01 5.10392070e-01 2.91922510e-01
    4.68351424e-01 2.77042985e-01 4.19933856e-01 2.22484648e-01
    3.46953213e-01 1.97921574e-01 3.16013217e-01 2.62635797e-01
    1.41237587e-01 2.35002339e-01 1.20689645e-01 1.62730277e-01
    8.76239836e-02 1.57061875e-01 5.92820011e-02 1.09589040e-01
    9.58904028e-02 3.04676406e-02 7.79404789e-02 2.07841285e-02
    6.04629181e-02 1.53519101e-02 4.55833711e-02 4.10958864e-02
    1.06282495e-02 3.84978764e-02 7.08549842e-03 3.35380249e-02
    8.26641545e-03 3.94426025e-02 0. 3.35380249e-02 3.66084091e-02
    3.07038054e-03 2.88143568e-02 8.26641545e-03 7.01464266e-02
    3.37742083e-02 1.50212556e-01 7.46811509e-01</data></hist_v>
</opencv_storage>
