<?xml version="1.0"?>
<opencv_storage>
<hist_h type_id="opencv-matrix">
  <rows>50</rows>
  <cols>1</cols>
  <dt>f</dt>
  <data>
    6.59833252e-01 1. 7.19010532e-01 3.83627176e-01 1.24777921e-01
    1.33524671e-01 1.32704660e-01 9.10209119e-02 1.54298201e-01
    1.94888622e-01 3.54790241e-01 1.58261582e-01 4.61937971e-02
    4.18204218e-02 1.29834628e-02 1.68101676e-02 4.51004505e-03 0.
    1.96801983e-02 1.07967751e-02 5.68539053e-02 4.40071076e-02
    9.04742405e-02 1.46508127e-01 1.49788156e-01 2.40672410e-01
    1.42271414e-01 9.08842459e-02 2.62812644e-01 4.86538224e-02
    1.21361218e-01 9.26609337e-02 2.33702362e-02 1.06601067e-01
    1.15894496e-01 8.09074789e-02 8.70575383e-02 1.29834628e-02
    7.17507228e-02 4.57837917e-02 7.12040514e-02 2.84269527e-02
    1.94068626e-02 1.27647936e-01 7.73541108e-02 1.70425043e-01
    1.24367915e-01 2.55432576e-01 2.96979666e-01 3.28003287e-01</data></hist_h>
<hist_s type_id="opencv-matrix">
  <rows>50</rows>
  <cols>1</cols>
  <dt>f</dt>
  <data>
    2.74362475e-01 1.98998168e-01 2.50455379e-01 2.55919844e-01
    3.53825122e-01 4.60837871e-01 4.83834237e-01 5.42349696e-01
    8.45173061e-01 8.10336947e-01 8.90938044e-01 9.20992732e-01
    9.61065590e-01 1. 9.43989038e-01 8.97540987e-01 9.59471762e-01
    6.50500894e-01 5.28460860e-01 3.85018200e-01 2.68442631e-01
    1.74180329e-01 1.26821488e-01 8.87978077e-02 5.62386177e-02
    5.14571965e-02 3.07377055e-02 1.95810571e-02 1.54826948e-02
    1.25227682e-02 9.79052763e-03 6.37522805e-03 6.83060149e-03
    5.00910776e-03 4.55373432e-03 2.27686693e-03 3.18761379e-03
    2.50455365e-03 6.83060091e-04 6.83060091e-04 1.13843346e-03 0.
    2.27686702e-04 9.10746749e-04 4.55373374e-04 2.27686702e-04
    2.27686702e-04 4.55373374e-04 0. 9.33515467e-03</data></hist_s>
<hist_v type_id="opencv-matrix">
  <rows>100</rows>
  <cols>1</cols>
  <dt>f</dt>
  <data>
    5.12032770e-04 0. 5.12032770e-04 5.63236047e-03 1.53609831e-03
    8.19252431e-03 1.33128520e-02 1.99692771e-02 2.91858688e-02
    3.17460336e-02 7.11725503e-02 7.42447525e-02 2.27854580e-01
    2.53968239e-01 5.53507447e-01 5.56579649e-01 1. 8.53046596e-01
    5.98566353e-01 8.00307274e-01 5.05376399e-01 8.12596023e-01
    4.87455189e-01 6.81515634e-01 4.73630309e-01 6.80491567e-01
    6.50793672e-01 4.07066047e-01 6.44137263e-01 3.76344085e-01
    5.80133140e-01 3.51766497e-01 5.04352331e-01 5.20737350e-01
    3.24628770e-01 4.89503324e-01 2.97491044e-01 4.61341530e-01
    3.17972332e-01 4.60317463e-01 3.04147452e-01 4.64413732e-01
    4.67997938e-01 3.35893482e-01 5.09984672e-01 3.03635418e-01
    4.47516650e-01 2.99539179e-01 4.44956481e-01 2.71889389e-01
    4.12186384e-01 3.90680999e-01 2.41679460e-01 3.79416287e-01
    2.89810538e-01 3.71223748e-01 2.32974902e-01 3.41013819e-01
    3.18996400e-01 1.74091145e-01 2.62160778e-01 1.75627232e-01
    2.37071171e-01 1.47465438e-01 2.14029700e-01 1.52585760e-01
    1.97644651e-01 2.34511003e-01 1.62826419e-01 3.75320017e-01
    1.94572449e-01 2.90322572e-01 2.06349209e-01 2.89810538e-01
    1.88940093e-01 3.30773175e-01 3.71223748e-01 2.75473624e-01
    4.57757294e-01 3.28213006e-01 5.13568878e-01 2.90834606e-01
    3.34869415e-01 2.24782377e-01 1.27496153e-01 1.56682029e-01
    9.52380896e-02 1.14695340e-01 8.65335315e-02 1.04454681e-01
    8.19252431e-02 1.25448018e-01 1.08038910e-01 6.34920597e-02
    8.80696326e-02 5.83717376e-02 8.03891420e-02 4.71070148e-02
    7.16845840e-02 2.65232980e-01</data></hist_v>
</opencv_storage>
