<?xml version="1.0"?>
<opencv_storage>
<hist_h type_id="opencv-matrix">
  <rows>50</rows>
  <cols>1</cols>
  <dt>f</dt>
  <data>
    1.15045607e-01 9.92732272e-02 7.76248574e-02 2.30709746e-01
    3.88433546e-01 6.70248926e-01 4.78428930e-01 4.23534840e-01
    4.43791538e-01 2.02412248e-01 1.96768209e-01 3.02767873e-01
    1.31823108e-01 1.02520481e-01 3.87351178e-02 2.71377750e-02
    1.72413792e-02 2.01020553e-03 4.25235787e-03 2.86067720e-03
    5.72135439e-03 2.70604598e-03 6.03061682e-03 9.12324060e-03
    1.15200244e-02 3.60290706e-02 8.75212550e-02 3.65934730e-01
    9.99999940e-01 2.38905206e-01 8.85263607e-02 3.85804847e-02
    8.89129378e-03 1.52311735e-02 8.11813772e-03 6.57182606e-03
    9.20055620e-03 -2.91038305e-11 5.48940757e-03 2.93799280e-03
    7.34498166e-03 2.55141477e-03 -2.91038305e-11 1.36848614e-02
    1.17519712e-02 3.46373916e-02 1.41487550e-02 4.71625179e-02
    6.70326203e-02 4.56162058e-02</data></hist_h>
<hist_s type_id="opencv-matrix">
  <rows>50</rows>
  <cols>1</cols>
  <dt>f</dt>
  <data>
    6.12148922e-03 2.66834125e-02 6.12148829e-02 8.93109441e-02
    1.16622195e-01 1.47700518e-01 1.97457239e-01 2.71228999e-01
    4.32428211e-01 5.09182274e-01 6.12148821e-01 8.85732234e-01
    7.70365715e-01 8.22633862e-01 8.16826284e-01 1. 8.76942396e-01
    5.07141769e-01 4.99764562e-01 4.79359627e-01 4.37137038e-01
    3.64777923e-01 3.09527546e-01 2.59613872e-01 2.22884953e-01
    2.08915398e-01 1.48171410e-01 1.23999372e-01 1.03751376e-01
    8.69565234e-02 6.84350953e-02 6.34123385e-02 5.30528985e-02
    4.33213040e-02 3.24909762e-02 2.98226364e-02 2.29163431e-02
    1.96201541e-02 1.69518143e-02 1.45973964e-02 1.34986667e-02
    1.44404350e-02 6.43541198e-03 6.59237150e-03 7.06325565e-03
    3.29618622e-03 1.41265150e-03 9.31322575e-10 3.76707036e-03
    1.83958560e-01</data></hist_s>
<hist_v type_id="opencv-matrix">
  <rows>100</rows>
  <cols>1</cols>
  <dt>f</dt>
  <data>
    0. 1.62866451e-02 1.36215575e-02 1.71750076e-02 1.62866451e-02
    3.28694098e-02 3.05004437e-02 4.44181226e-02 7.40302056e-02
    6.07047677e-02 1.06307380e-01 9.83121172e-02 1.99289307e-01
    2.25051820e-01 4.45069581e-01 4.16641980e-01 5.99644721e-01
    5.03997684e-01 3.20698857e-01 5.31832993e-01 3.63636374e-01
    4.86230373e-01 3.03819954e-01 4.54841584e-01 2.88717806e-01
    4.33520883e-01 4.01539832e-01 2.54071653e-01 3.39946687e-01
    2.08172932e-01 3.20106596e-01 1.95735857e-01 2.86052704e-01
    2.42522955e-01 1.42730236e-01 2.09357411e-01 1.30293161e-01
    1.72638431e-01 1.00977205e-01 1.60497487e-01 9.77198705e-02
    1.29997030e-01 1.22890145e-01 8.29138309e-02 1.20225057e-01
    7.61030540e-02 1.05122894e-01 6.63310662e-02 1.26739711e-01
    9.00207311e-02 1.50133252e-01 1.94255248e-01 1.74119040e-01
    3.07077289e-01 2.14391470e-01 3.53272140e-01 2.82499254e-01
    5.16138613e-01 7.65768468e-01 6.03198171e-01 9.23896968e-01
    6.40213251e-01 8.82440090e-01 5.28279603e-01 5.75362802e-01
    2.65028119e-01 2.09653541e-01 1.19632818e-01 4.97482978e-02
    7.01806396e-02 4.38258797e-02 6.01125248e-02 3.46461348e-02
    5.71513176e-02 3.87918279e-02 5.71513176e-02 5.92241623e-02
    4.08646725e-02 6.21853732e-02 3.99763100e-02 6.30737394e-02
    4.32336405e-02 7.49185681e-02 6.92922771e-02 5.27095050e-02
    8.91323686e-02 5.83357997e-02 1.03050046e-01 7.72875398e-02
    1.22594021e-01 1.00681081e-01 1.52798340e-01 1.95143610e-01
    1.55759543e-01 3.11222970e-01 2.62066931e-01 5.05478263e-01
    4.63429093e-01 1. 9.96742725e-01</data></hist_v>
</opencv_storage>
