<?xml version="1.0"?>
<opencv_storage>
<hist_h type_id="opencv-matrix">
  <rows>50</rows>
  <cols>1</cols>
  <dt>f</dt>
  <data>
    1. 3.39639857e-02 5.47070876e-02 2.93708682e-01 4.86209244e-01
    8.01914752e-01 2.13015735e-01 1.30157277e-01 6.97515383e-02
    2.84704804e-01 4.06428099e-01 4.78687044e-03 7.97811721e-04
    2.05151597e-03 0. 3.41919309e-04 3.41919309e-04 3.41919309e-04
    3.41919309e-04 3.41919309e-04 3.76111246e-03 0. 0. 1.13973103e-03 0.
    3.07727372e-03 1.02575799e-03 0. 0. 2.27946206e-04 2.62138131e-03 0.
    0. 5.24276262e-03 0. 0. 0. 0. 0. 0. 1.13973103e-04 1.13973103e-03 0.
    3.41919309e-04 0. 7.97811721e-04 0. 5.69865515e-04 1.36767724e-03
    1.36767724e-03</data></hist_h>
<hist_s type_id="opencv-matrix">
  <rows>50</rows>
  <cols>1</cols>
  <dt>f</dt>
  <data>
    1. 4.21573192e-01 9.13551375e-02 5.74766360e-02 4.09657322e-02
    8.13862905e-02 9.11993682e-02 9.71962586e-02 1.18224293e-01
    9.26791206e-02 8.66043568e-02 7.03270957e-02 5.63084111e-02
    4.59501557e-02 3.37227397e-02 2.89719626e-02 2.76479740e-02
    1.85358264e-02 1.31619927e-02 1.18380049e-02 1.33177564e-02
    1.01246098e-02 9.81308334e-03 7.00934557e-03 5.68535784e-03
    5.52959507e-03 4.04984411e-03 2.95950146e-03 3.81619902e-03
    3.58255440e-03 2.49221176e-03 3.34890955e-03 2.25856691e-03
    2.10280367e-03 2.41433014e-03 1.86915882e-03 1.55763235e-03
    1.09034264e-03 7.00934557e-04 9.34579410e-04 3.89408058e-04
    8.56697792e-04 3.11526441e-04 7.78816175e-04 7.00934557e-04
    2.33644823e-04 1.55763206e-04 1.55763206e-04 -2.91038305e-11
    4.51713381e-03</data></hist_s>
<hist_v type_id="opencv-matrix">
  <rows>100</rows>
  <cols>1</cols>
  <dt>f</dt>
  <data>
    0. 0. 0. 1.00120145e-04 3.00360436e-04 5.00600727e-04 4.00480581e-04
    6.00720872e-04 9.01081308e-04 4.00480581e-04 1.00120145e-03
    4.00480581e-04 1.30156195e-03 6.00720872e-04 1.40168204e-03
    1.30156195e-03 1.60192233e-03 1.80216262e-03 9.01081308e-04
    1.60192233e-03 1.30156195e-03 2.90348427e-03 5.00600727e-04
    1.40168204e-03 1.30156195e-03 3.30396486e-03 2.50300369e-03
    1.70204253e-03 2.20264308e-03 1.50180212e-03 2.40288349e-03
    1.50180212e-03 3.50420503e-03 3.10372445e-03 2.00240291e-03
    3.80456541e-03 1.90228270e-03 2.40288349e-03 1.70204253e-03
    2.30276329e-03 1.50180212e-03 3.00360424e-03 2.40288349e-03
    1.80216262e-03 2.90348427e-03 2.00240291e-03 2.40288349e-03
    2.10252311e-03 3.80456541e-03 1.90228270e-03 2.40288349e-03
    3.50420503e-03 2.10252311e-03 4.50540660e-03 3.10372445e-03
    4.30516619e-03 3.50420503e-03 4.80576698e-03 6.10732893e-03
    4.20504622e-03 7.70925125e-03 6.90829009e-03 1.14136962e-02
    9.71165393e-03 1.32158594e-02 1.16139371e-02 2.04245094e-02
    2.03243904e-02 1.62194632e-02 2.49299165e-02 1.72206648e-02
    3.00360434e-02 2.08249912e-02 3.01361643e-02 2.19263118e-02
    3.31397690e-02 3.44413295e-02 2.46295556e-02 3.66439745e-02
    2.51301564e-02 4.08490188e-02 3.08370050e-02 5.06607927e-02
    5.84701635e-02 3.71445753e-02 6.29755706e-02 4.27513011e-02
    7.00841025e-02 4.61553857e-02 6.92831427e-02 4.82579097e-02
    6.80816993e-02 6.15738891e-02 3.76451761e-02 5.49659580e-02
    3.95474583e-02 1.30456552e-01 1.94633558e-01 6.62294745e-01 1.</data></hist_v>
</opencv_storage>
