<?xml version="1.0"?>
<opencv_storage>
<hist_h type_id="opencv-matrix">
  <rows>50</rows>
  <cols>1</cols>
  <dt>f</dt>
  <data>
    9.02441263e-01 4.14190382e-01 5.29852808e-01 1. 5.78220725e-01
    6.86111331e-01 4.87519443e-01 2.09838167e-01 2.30593413e-01
    1.72350749e-01 1.25720039e-01 6.94888979e-02 1.70979239e-02
    3.84931900e-02 1.11547960e-02 1.75550878e-02 5.02880104e-03
    2.74298247e-04 9.23470780e-03 4.11447417e-03 4.16933335e-02
    1.37149123e-03 6.67459145e-03 1.20691238e-02 1.28005864e-03
    5.94312884e-03 7.31462054e-03 0. 1.18862577e-02 1.64578948e-03
    3.13614346e-02 3.62073705e-02 2.70640962e-02 1.12370856e-01
    2.27027535e-01 6.40669286e-01 2.40925312e-01 2.30410546e-02
    1.21148400e-01 2.66983658e-02 9.80159119e-02 9.87473782e-03
    1.82865513e-03 2.51440071e-02 1.48121053e-02 7.65292197e-02
    2.41382457e-02 5.56825474e-02 9.63701233e-02 9.37185735e-02</data></hist_h>
<hist_s type_id="opencv-matrix">
  <rows>50</rows>
  <cols>1</cols>
  <dt>f</dt>
  <data>
    1. 3.78885001e-01 5.41860938e-01 6.25874162e-01 1.35003880e-01
    1.36946395e-01 1.48601398e-01 1.30147636e-01 1.47533029e-01
    1.20435119e-01 1.34032637e-01 1.50543898e-01 1.48407146e-01
    1.60644919e-01 1.65404037e-01 1.63947165e-01 2.10178718e-01
    1.69871792e-01 1.65889665e-01 1.58993781e-01 1.53749034e-01
    1.47241652e-01 1.39763013e-01 1.33547008e-01 1.28787875e-01
    1.55497283e-01 1.27719507e-01 1.16938621e-01 1.13733485e-01
    1.12082362e-01 1.05089359e-01 9.86790955e-02 9.09090936e-02
    1.11305356e-01 7.73115754e-02 6.80846944e-02 6.20629340e-02
    5.16705513e-02 3.94327939e-02 3.30225304e-02 2.58352775e-02
    3.30225304e-02 1.98135208e-02 1.54428910e-02 1.09751355e-02
    7.96425715e-03 5.14763035e-03 2.23387778e-03 0. 1.64529920e-01</data></hist_s>
<hist_v type_id="opencv-matrix">
  <rows>100</rows>
  <cols>1</cols>
  <dt>f</dt>
  <data>
    0. 1.45180020e-04 2.90360040e-04 7.25900114e-04 1.45180023e-03
    2.75842031e-03 2.90360046e-03 5.95238060e-03 1.39372814e-02
    1.42276417e-02 2.99070850e-02 3.60046439e-02 7.97038302e-02
    8.97212550e-02 4.52526122e-01 3.35365832e-01 3.93873394e-01
    3.35946560e-01 1.85104519e-01 2.81358868e-01 1.55342624e-01
    2.07607433e-01 1.27613232e-01 1.80603951e-01 1.04674794e-01
    1.54181182e-01 1.43728226e-01 9.27700326e-02 1.38501734e-01
    8.82694498e-02 1.15998834e-01 7.56387934e-02 1.18612073e-01
    1.05981417e-01 6.82346076e-02 1.05836235e-01 6.96864128e-02
    1.08159117e-01 6.85249716e-02 9.39314738e-02 6.18466884e-02
    9.52380896e-02 9.27700326e-02 6.60569072e-02 9.49477330e-02
    6.46051094e-02 9.62543562e-02 6.35888502e-02 9.82868746e-02
    7.22996518e-02 9.40766558e-02 1.04819976e-01 7.25900084e-02
    1.14982575e-01 7.49128908e-02 1.15708478e-01 8.44947696e-02
    1.23112656e-01 1.22967474e-01 7.89779276e-02 1.13240413e-01
    8.17363486e-02 1.15853652e-01 8.30429718e-02 1.09320559e-01
    6.86701462e-02 1.20644599e-01 1.13240413e-01 7.47677088e-02
    1.08594656e-01 7.34610930e-02 1.06997676e-01 7.04123080e-02
    9.81416926e-02 7.12833926e-02 9.50929150e-02 9.85772312e-02
    6.21370487e-02 1.05400696e-01 7.14285672e-02 9.91579518e-02
    6.96864128e-02 9.61091742e-02 1.00464575e-01 7.31707290e-02
    1.18466899e-01 7.69454092e-02 1.19047619e-01 7.86875710e-02
    1.28919855e-01 9.20441300e-02 1.34001166e-01 1.95702672e-01
    1.57520324e-01 4.02584195e-01 6.97589993e-01 1. 8.31881538e-02
    7.95586482e-02 2.69454122e-01</data></hist_v>
</opencv_storage>
