<?xml version="1.0"?>
<opencv_storage>
<hist_h type_id="opencv-matrix">
  <rows>50</rows>
  <cols>1</cols>
  <dt>f</dt>
  <data>
    1.31281480e-01 9.79937240e-02 1.21103004e-01 9.18710709e-01
    8.57207105e-02 5.32673240e-01 2.13418946e-01 1.45320147e-01
    9.69031751e-02 1. 1.80754378e-01 3.14113110e-01 1.60657093e-01
    1.70922115e-01 2.19494887e-02 5.16193807e-02 1.97164565e-02
    1.81758392e-03 3.09854746e-03 1.74141843e-02 4.46606334e-03
    9.86688421e-04 1.95779745e-02 2.11185915e-03 2.21572118e-03
    1.38136372e-02 2.54461728e-03 8.82826338e-04 2.10320409e-02
    3.66978813e-03 5.43544115e-03 1.90413545e-03 -1.45519152e-11
    2.37670727e-02 2.31785215e-02 3.94675368e-03 1.93875597e-03
    3.98137374e-04 3.09854746e-03 5.88550931e-04 9.81495250e-03
    3.32358177e-03 -1.45519152e-11 1.29827415e-03 8.04929994e-03
    3.37551255e-03 1.38482579e-03 5.54449596e-02 1.31558452e-03
    4.58723539e-03</data></hist_h>
<hist_s type_id="opencv-matrix">
  <rows>50</rows>
  <cols>1</cols>
  <dt>f</dt>
  <data>
    3.72741431e-01 7.42657423e-01 9.99999940e-01 9.02557790e-01
    9.23637390e-01 7.89649725e-01 8.22217226e-01 7.42545903e-01
    6.20046079e-01 4.64012176e-01 3.65305960e-01 2.90318966e-01
    2.71172553e-01 1.97263733e-01 1.48412526e-01 1.10640191e-01
    1.25845790e-01 9.82600898e-02 9.51000005e-02 9.77395996e-02
    8.74042660e-02 7.64369071e-02 6.69566467e-02 5.23458980e-02
    4.28656414e-02 3.32738496e-02 1.51312351e-02 1.01494528e-02
    7.13807670e-03 8.36493354e-03 6.17146259e-03 5.42791281e-03
    5.13049262e-03 5.76251000e-03 4.49847570e-03 2.93702120e-03
    3.01137613e-03 3.45750619e-03 1.89605157e-03 1.85887411e-03
    1.82169664e-03 1.97040662e-03 1.63580931e-03 4.46129707e-04
    7.43549550e-04 2.23064795e-04 7.06372084e-04 -1.16415322e-10
    7.43549317e-05 2.51691565e-02</data></hist_s>
<hist_v type_id="opencv-matrix">
  <rows>100</rows>
  <cols>1</cols>
  <dt>f</dt>
  <data>
    4.16259505e-02 5.37424302e-03 0. 4.29939432e-03 5.37424302e-03
    1.18233338e-02 5.96052362e-03 1.47547405e-02 1.97381284e-02
    1.44615993e-02 2.42329501e-02 1.59273017e-02 2.98026185e-02
    2.38420963e-02 3.93785425e-02 2.80437749e-02 5.18858694e-02
    6.15595095e-02 4.70001958e-02 7.21125677e-02 4.82704714e-02
    8.08090717e-02 4.76841889e-02 7.42622688e-02 5.00293151e-02
    7.71936700e-02 7.98319355e-02 5.55989817e-02 1.15301937e-01
    9.91792083e-02 1.80574551e-01 1.94254443e-01 3.24311107e-01
    4.55735773e-01 3.43072116e-01 5.89798689e-01 3.43365252e-01
    5.97322643e-01 3.98182541e-01 8.36036742e-01 5.72796583e-01
    1.00000012e+00 8.80984962e-01 5.87160468e-01 8.76587868e-01
    5.12116492e-01 7.25425065e-01 5.34004331e-01 7.65292168e-01
    5.20226717e-01 7.74574935e-01 7.04221249e-01 4.46941584e-01
    5.21301568e-01 3.09556395e-01 4.45182741e-01 2.58745372e-01
    3.54895443e-01 3.08286101e-01 1.85557947e-01 2.55716234e-01
    1.68067232e-01 2.24936485e-01 1.44225135e-01 2.11745158e-01
    1.38753176e-01 1.93570450e-01 1.98260695e-01 1.24487005e-01
    1.71584904e-01 1.16083644e-01 1.81649402e-01 9.51729566e-02
    1.34062931e-01 8.60856026e-02 1.49990231e-01 1.69728354e-01
    1.15008801e-01 1.79792851e-01 1.32206365e-01 2.63826460e-01
    1.95524722e-01 4.12057847e-01 4.56615210e-01 3.24213415e-01
    5.41723669e-01 3.40727001e-01 5.43482542e-01 3.31737339e-01
    4.15477812e-01 2.26206765e-01 2.39104941e-01 1.24584727e-01
    5.64784035e-02 7.86593780e-02 3.36134434e-02 6.23412170e-02
    3.49814333e-02 6.58589080e-02 2.06273213e-01</data></hist_v>
</opencv_storage>
