<?xml version="1.0"?>
<opencv_storage>
<hist_h type_id="opencv-matrix">
  <rows>50</rows>
  <cols>1</cols>
  <dt>f</dt>
  <data>
    1.69132963e-01 1.97828174e-01 2.97248632e-01 1. 2.83913791e-01
    8.55792463e-02 8.09092447e-02 3.90479974e-02 3.80352251e-02
    7.56765902e-02 7.34259784e-02 1.51353180e-01 6.78557381e-02
    6.81370571e-02 5.51398210e-02 4.48433049e-02 1.38974851e-02
    6.80807978e-03 2.58256905e-02 1.36161596e-02 2.29561683e-02
    7.65205640e-03 3.09458170e-02 1.78360436e-02 2.64446065e-02
    4.78816181e-02 6.32982627e-02 5.26641570e-02 1.76953807e-01
    1.47921011e-01 9.97017920e-02 7.40448982e-02 9.17121489e-03
    1.17594106e-02 3.82602867e-03 1.91301422e-03 5.79530792e-03 0.
    2.13807449e-03 1.68795360e-03 3.71349836e-03 2.86952127e-03
    6.18916354e-04 6.13289839e-03 9.90266167e-03 2.02554427e-02
    2.62195468e-02 4.28177603e-02 8.54104534e-02 9.14870873e-02</data></hist_h>
<hist_s type_id="opencv-matrix">
  <rows>50</rows>
  <cols>1</cols>
  <dt>f</dt>
  <data>
    3.23079899e-02 8.99593756e-02 1.76339716e-01 3.15825105e-01
    4.21261370e-01 3.71251702e-01 2.64751405e-01 2.29831696e-01
    2.73747355e-01 2.30121881e-01 2.53530651e-01 2.83517122e-01
    3.40007752e-01 3.89243573e-01 5.06094038e-01 7.08454251e-01 1.
    4.70013559e-01 1.94621786e-01 8.25111270e-02 4.42058444e-02
    2.49564722e-02 1.73147619e-02 1.20913135e-02 9.18939803e-03
    9.57632065e-03 5.99729177e-03 4.64306446e-03 4.15941188e-03
    3.48229846e-03 3.96595104e-03 3.09537631e-03 3.86922038e-03
    2.80518481e-03 2.70845415e-03 8.70574615e-04 9.67305095e-04
    6.77113538e-04 3.86922038e-04 4.83652548e-04 2.90191529e-04
    1.93461019e-04 9.67305095e-05 2.90191529e-04 9.67305095e-05 0. 0. 0.
    0. 6.77113538e-04</data></hist_s>
<hist_v type_id="opencv-matrix">
  <rows>100</rows>
  <cols>1</cols>
  <dt>f</dt>
  <data>
    0. 2.88600277e-04 0. 2.88600277e-04 1.44300144e-03 5.77200553e-04
    2.02020188e-03 2.02020188e-03 2.59740255e-03 2.59740255e-03
    4.90620453e-03 6.34920597e-03 1.29870120e-02 1.41414134e-02
    3.17460299e-02 3.54978330e-02 7.41702691e-02 1.16017312e-01
    1.02453098e-01 1.80663779e-01 1.45454541e-01 2.81673878e-01
    2.31457427e-01 4.08369392e-01 3.14574301e-01 5.20346284e-01
    5.59018731e-01 3.43145728e-01 5.25829732e-01 3.19480509e-01
    4.43001419e-01 2.91197687e-01 4.32034612e-01 3.91341984e-01
    2.52813846e-01 3.34776312e-01 2.02886000e-01 2.89754689e-01
    1.81240976e-01 2.55122632e-01 1.61616161e-01 2.43867233e-01
    2.30880216e-01 1.49494946e-01 2.40981236e-01 1.65079355e-01
    2.59163052e-01 1.78643569e-01 3.20634902e-01 2.36652225e-01
    3.98556978e-01 4.40404028e-01 3.09668094e-01 5.30735910e-01
    4.12698388e-01 7.55555511e-01 6.07503593e-01 9.99999940e-01
    9.47474718e-01 5.33910513e-01 6.86868668e-01 3.64213556e-01
    4.86580074e-01 2.59740263e-01 3.33621919e-01 1.90187588e-01
    2.25685418e-01 1.62193358e-01 8.88888836e-02 9.06204879e-02
    4.30014394e-02 5.59884533e-02 3.86724360e-02 4.73304465e-02
    2.25108210e-02 2.97258291e-02 2.91486271e-02 1.67388152e-02
    2.45310236e-02 1.35642132e-02 2.22222209e-02 1.64502151e-02
    2.45310236e-02 2.59740241e-02 1.38528133e-02 2.42424235e-02
    1.32756131e-02 2.45310236e-02 1.90476179e-02 3.11688296e-02
    2.45310236e-02 4.50216420e-02 5.62770553e-02 6.06060587e-02
    1.68542564e-01 2.09812403e-01 3.75757575e-01 1.76334769e-01
    1.11111104e-01 1.68831155e-01</data></hist_v>
</opencv_storage>
