<?xml version="1.0"?>
<opencv_storage>
<hist_h type_id="opencv-matrix">
  <rows>50</rows>
  <cols>1</cols>
  <dt>f</dt>
  <data>
    5.73333383e-01 3.84797513e-01 1.92274153e-01 5.88411212e-01
    2.94953287e-01 4.95700955e-01 4.85233665e-01 4.00747687e-01
    8.86978209e-01 1.00000012e+00 7.20249236e-01 8.07476640e-01
    3.09034288e-01 3.03302199e-01 1.51277259e-01 1.63239881e-01
    1.91152662e-01 1.29595017e-02 8.22429955e-02 3.09034288e-02
    1.09034270e-01 4.85981349e-03 4.80996892e-02 6.06853589e-02
    1.84423700e-02 5.68224341e-02 7.04049841e-02 1.74454823e-02
    9.49532762e-02 2.14330219e-02 1.16261683e-01 9.03426856e-02
    7.22741522e-03 1.66230530e-01 9.22118425e-02 1.16012461e-01
    1.50404990e-01 5.48286643e-03 1.09532714e-01 3.81308421e-02
    7.33956397e-02 4.74766381e-02 0. 9.47040543e-02 5.22118397e-02
    1.62741438e-01 3.71339582e-02 1.67850479e-01 1.70841128e-01
    1.73956394e-01</data></hist_h>
<hist_s type_id="opencv-matrix">
  <rows>50</rows>
  <cols>1</cols>
  <dt>f</dt>
  <data>
    7.60040462e-01 1. 7.74215281e-01 5.36055803e-01 4.58656788e-01
    4.31319624e-01 4.05782431e-01 4.03532475e-01 4.83856469e-01
    3.87557656e-01 3.50658119e-01 3.39858264e-01 2.92721361e-01
    2.74946570e-01 2.33772084e-01 2.10259885e-01 2.18472272e-01
    1.49510637e-01 1.29260898e-01 1.17336035e-01 9.53988060e-02
    9.31488350e-02 8.36989507e-02 7.40240738e-02 5.07368669e-02
    8.04364979e-02 5.38868271e-02 5.15243560e-02 3.63370441e-02
    4.65744175e-02 3.07121165e-02 3.46495658e-02 2.44121961e-02
    3.29620875e-02 2.11497359e-02 2.09247377e-02 1.77747775e-02
    1.64247938e-02 1.39498245e-02 1.34998318e-02 7.19991000e-03
    1.47373155e-02 1.49623118e-02 8.66239145e-03 8.77488963e-03
    1.10248625e-02 4.38744528e-03 4.27494710e-03 0. 5.14568567e-01</data></hist_s>
<hist_v type_id="opencv-matrix">
  <rows>100</rows>
  <cols>1</cols>
  <dt>f</dt>
  <data>
    4.23923433e-01 9.33014393e-01 4.38277483e-01 6.59330130e-01
    4.66985643e-01 8.10526252e-01 4.87081349e-01 8.25837255e-01
    8.09569359e-01 5.11004746e-01 8.66028666e-01 4.94736850e-01
    9.29186583e-01 5.46411455e-01 8.72727275e-01 5.19617200e-01
    9.35885191e-01 9.21531081e-01 5.27272701e-01 9.93301392e-01
    5.09090900e-01 8.88038278e-01 5.34928203e-01 1. 4.83253598e-01
    9.59808588e-01 9.67464089e-01 4.76554990e-01 9.30143476e-01
    5.06220102e-01 8.94736767e-01 4.52631593e-01 8.83253574e-01
    8.58373165e-01 5.00478446e-01 8.87081265e-01 4.88995194e-01
    8.51674676e-01 4.59330142e-01 8.19138765e-01 4.41148341e-01
    8.06698561e-01 8.86124372e-01 4.00956929e-01 8.07655454e-01
    4.27751184e-01 7.33971238e-01 3.71291876e-01 7.40669847e-01
    3.55023921e-01 7.17703342e-01 6.31578922e-01 2.98564553e-01
    6.09569371e-01 2.66028702e-01 5.77033460e-01 2.30621994e-01
    5.73205709e-01 5.50239205e-01 2.07655489e-01 4.84210491e-01
    2.90909052e-01 5.67464113e-01 2.07655489e-01 4.39234436e-01
    2.32535899e-01 5.02392352e-01 4.36363637e-01 2.18181789e-01
    4.49760735e-01 2.44976044e-01 4.85167444e-01 2.19138741e-01
    4.61243987e-01 1.96172237e-01 4.61243987e-01 4.27751184e-01
    2.09569395e-01 4.60287094e-01 1.94258392e-01 4.88995194e-01
    2.33492792e-01 4.86124396e-01 4.95693743e-01 1.82775110e-01
    4.34449732e-01 1.73205733e-01 4.19138730e-01 1.75119609e-01
    4.44976091e-01 1.36842102e-01 3.28229666e-01 3.10047865e-01
    5.07176816e-02 2.59330153e-01 4.40191329e-02 2.05741644e-01 0.
    9.95215178e-02 8.47846866e-01</data></hist_v>
</opencv_storage>
