<?xml version="1.0"?>
<opencv_storage>
<hist_h type_id="opencv-matrix">
  <rows>50</rows>
  <cols>1</cols>
  <dt>f</dt>
  <data>
    2.01222941e-01 5.00522971e-01 5.22889972e-01 1. 7.05125093e-01
    5.53061366e-01 2.64462143e-01 7.23308325e-02 7.26526603e-02
    3.52401622e-02 1.87464803e-02 2.63898931e-02 2.01142486e-03
    1.10226078e-02 2.89645186e-03 6.83884462e-03 5.31016150e-03
    4.02284990e-04 3.13782273e-03 1.77005387e-03 1.38386032e-02 0.
    2.49416684e-03 4.10330668e-03 6.43655949e-04 1.85051095e-03
    2.73553771e-03 3.21827974e-04 3.94239277e-03 2.01142486e-03
    8.12615640e-03 2.88036037e-02 1.04996376e-01 7.85260275e-02
    1.88752115e-01 5.14120162e-02 4.61018570e-02 1.79419089e-02
    1.56086572e-02 1.33558614e-02 1.57695711e-02 1.12639796e-02
    4.34467755e-03 1.64936837e-02 1.30340327e-02 1.82637367e-02
    1.30340327e-02 2.53439527e-02 6.28369078e-02 1.96234614e-01</data></hist_h>
<hist_s type_id="opencv-matrix">
  <rows>50</rows>
  <cols>1</cols>
  <dt>f</dt>
  <data>
    1.35273105e-02 8.93312972e-03 5.84481917e-02 1.22766718e-01
    1.78662583e-01 2.79734552e-01 3.46094966e-01 5.71975529e-01
    1.00000012e+00 9.16283846e-01 9.79581475e-01 8.62940311e-01
    7.56508470e-01 7.66972959e-01 6.63603902e-01 5.74272633e-01
    6.48545206e-01 5.74527860e-01 6.07708037e-01 6.14344060e-01
    5.59213877e-01 5.10719776e-01 4.58907604e-01 4.66309339e-01
    4.10923958e-01 4.43593681e-01 2.85604894e-01 2.28177652e-01
    1.85809091e-01 1.55436456e-01 1.30934149e-01 1.18938237e-01
    9.31597725e-02 9.87748876e-02 6.02348186e-02 6.10005148e-02
    4.10923958e-02 4.18580920e-02 3.16488035e-02 3.44563574e-02
    1.99081190e-02 2.65441574e-02 2.27156729e-02 1.14854528e-02
    9.44359321e-03 1.19959163e-02 6.38080668e-03 4.59418073e-03 0.
    2.64165401e-01</data></hist_s>
<hist_v type_id="opencv-matrix">
  <rows>100</rows>
  <cols>1</cols>
  <dt>f</dt>
  <data>
    0. 3.22733708e-02 3.51210199e-02 1.31466538e-01 1.25296637e-01
    2.49644041e-01 1.75130516e-01 2.30185091e-01 2.48694837e-01
    1.46654010e-01 2.29235888e-01 1.32890373e-01 2.26388216e-01
    1.51400089e-01 2.38728046e-01 1.51874706e-01 2.69577593e-01
    2.82392025e-01 1.67536780e-01 3.14665407e-01 2.04081640e-01
    3.36022794e-01 2.23065972e-01 3.78737539e-01 2.35405803e-01
    3.62600863e-01 3.91077369e-01 2.51542479e-01 4.04366404e-01
    2.39677280e-01 3.91551971e-01 2.82866627e-01 4.09112483e-01
    4.14333165e-01 2.49169439e-01 3.98196489e-01 2.57237792e-01
    4.31419075e-01 2.99952537e-01 5.04034162e-01 3.67346942e-01
    5.59563339e-01 6.50688171e-01 4.25723791e-01 7.10963428e-01
    4.85999078e-01 7.82629311e-01 5.19221604e-01 1. 6.32653058e-01
    9.36877072e-01 7.30422378e-01 4.32842910e-01 6.23160839e-01
    3.74940664e-01 5.20170808e-01 3.35073560e-01 6.00854278e-01
    5.45325100e-01 3.14665407e-01 4.32842910e-01 2.48220205e-01
    3.07546288e-01 1.29568115e-01 1.70384437e-01 5.83768375e-02
    1.02515429e-01 8.63787383e-02 3.98671068e-02 7.68865645e-02
    3.55956294e-02 6.21737055e-02 2.80018933e-02 5.41053601e-02
    2.89511122e-02 6.26483113e-02 5.22069298e-02 3.03749405e-02
    5.41053601e-02 1.47128589e-02 6.83436096e-02 2.32558139e-02
    7.35643059e-02 7.78357834e-02 4.74608429e-02 1.08685330e-01
    6.50213510e-02 1.28144279e-01 6.83436096e-02 1.32890373e-01
    7.40389228e-02 9.06502157e-02 7.78357834e-02 2.70526819e-02
    5.50545789e-02 1.04413852e-02 5.36307506e-02 1.61366872e-02
    4.17655446e-02 8.59041363e-02</data></hist_v>
</opencv_storage>
