<?xml version="1.0"?>
<opencv_storage>
<hist_h type_id="opencv-matrix">
  <rows>50</rows>
  <cols>1</cols>
  <dt>f</dt>
  <data>
    1.01588055e-01 7.66766584e-03 1.27453646e-02 1.33178830e-01
    3.92959386e-01 1.48991272e-01 2.76376773e-02 6.13413285e-03
    1.22341868e-02 3.81679367e-03 2.41957465e-03 2.82851676e-03
    2.72628124e-04 2.14694650e-03 3.06706614e-04 1.29498355e-03
    3.06706614e-04 -7.27595761e-12 1.46537612e-03 7.15648814e-04
    3.13522341e-03 1.02235535e-04 2.14694650e-03 1.87431823e-03
    1.19274796e-03 6.50899671e-03 7.15648849e-03 1.20978728e-02
    9.99999940e-01 3.10796082e-01 2.77739912e-02 9.23527684e-03
    2.45365314e-03 6.84978161e-03 2.96483096e-03 2.41957465e-03
    3.20338062e-03 1.70392566e-04 1.80616125e-03 1.70392566e-04
    9.20119986e-04 1.36314053e-03 -7.27595761e-12 1.12459098e-03
    4.08942200e-04 3.57824424e-03 2.38549605e-04 1.87431823e-03
    2.52181012e-03 1.94247544e-03</data></hist_h>
<hist_s type_id="opencv-matrix">
  <rows>50</rows>
  <cols>1</cols>
  <dt>f</dt>
  <data>
    9.99999940e-01 2.90414065e-01 2.41349980e-01 2.65456587e-01
    2.81055003e-01 2.94668168e-01 4.03573453e-01 5.34316480e-01
    7.75950074e-01 9.12932515e-01 5.93590438e-01 5.73737919e-01
    6.62507057e-01 5.84515035e-01 6.51162803e-01 6.91718638e-01
    6.53148055e-01 5.47078848e-01 4.18604642e-01 3.98752123e-01
    3.49120796e-01 3.40612590e-01 3.20476443e-01 3.23028922e-01
    3.89109462e-01 4.88372087e-01 4.35904711e-01 4.20589894e-01
    4.39875215e-01 4.69370395e-01 4.03289825e-01 4.54339176e-01
    4.02722627e-01 5.56437850e-01 3.87975037e-01 4.70788419e-01
    5.26659071e-01 4.98581946e-01 2.43902445e-01 7.09018707e-02
    1.38967671e-02 5.10493433e-03 3.68689699e-03 1.98525237e-03
    3.68689699e-03 2.26885965e-03 -1.16415322e-10 2.55246740e-03
    8.50822427e-04 8.76347125e-02</data></hist_s>
<hist_v type_id="opencv-matrix">
  <rows>100</rows>
  <cols>1</cols>
  <dt>f</dt>
  <data>
    4.81996033e-03 9.35639348e-03 7.93875847e-03 1.87127888e-02
    6.23759534e-03 1.53104616e-02 2.83527095e-03 1.19081372e-02
    1.24751916e-02 5.67054376e-04 1.02069741e-02 2.26821657e-03
    1.13410829e-02 3.96937970e-03 2.46668570e-02 5.67054097e-03
    1.78622045e-02 1.27587179e-02 7.65523035e-03 1.64445713e-02
    6.52112346e-03 1.61610432e-02 3.96937970e-03 1.13410829e-02
    3.96937970e-03 1.10575547e-02 1.50269354e-02 0. 9.07286536e-03
    1.70116220e-03 9.92344785e-03 3.96937970e-03 1.13410829e-02
    1.50269354e-02 4.53643221e-03 1.19081372e-02 3.68585158e-03
    1.38928266e-02 2.55174283e-03 1.38928266e-02 5.95406909e-03
    1.53104616e-02 2.06974782e-02 9.63991974e-03 2.58009657e-02
    1.21916635e-02 3.26056145e-02 1.55939898e-02 2.92032883e-02
    1.19081372e-02 3.28891426e-02 4.16784808e-02 2.32492201e-02
    4.33796421e-02 2.15480588e-02 4.90501858e-02 2.52339095e-02
    4.67819683e-02 4.79160771e-02 3.17550339e-02 6.06747977e-02
    4.05443721e-02 6.94641322e-02 4.36631702e-02 7.57017285e-02
    4.08279002e-02 1.06889702e-01 1.79189101e-01 1.88261971e-01
    4.61865604e-01 3.84179175e-01 6.56648695e-01 4.17068332e-01
    6.02778554e-01 3.83045077e-01 5.94272733e-01 5.71874082e-01
    3.99206102e-01 5.21689832e-01 3.52424145e-01 5.39835513e-01
    3.56960595e-01 5.13184011e-01 5.64785898e-01 3.80493313e-01
    5.52594244e-01 3.48738283e-01 4.93904173e-01 3.11312735e-01
    4.72356111e-01 2.81825900e-01 4.53359783e-01 5.22540390e-01
    3.76240432e-01 7.02296555e-01 4.91919458e-01 8.21661472e-01
    5.90019822e-01 7.39438593e-01 9.99999940e-01</data></hist_v>
</opencv_storage>
