<?xml version="1.0"?>
<opencv_storage>
<hist_h type_id="opencv-matrix">
  <rows>50</rows>
  <cols>1</cols>
  <dt>f</dt>
  <data>
    8.02942459e-03 1.47119770e-03 2.14463309e-03 1.57894734e-02
    6.87525868e-02 4.81692910e-01 9.99999940e-01 5.74761689e-01
    1.09666385e-01 1.32231668e-01 1.27020311e-02 7.37670949e-03
    2.31040199e-03 1.16659766e-02 2.06174888e-03 3.02735195e-02
    3.37753817e-03 1.03605475e-04 1.99958542e-03 1.08785753e-03
    3.39825940e-03 3.84376291e-03 1.43493582e-02 7.25238293e-04
    1.01533369e-03 3.58474930e-03 6.83796080e-03 6.83796068e-04
    4.33070865e-03 1.04641530e-03 1.87525910e-03 1.45047659e-03
    7.25238351e-05 3.00455862e-03 8.49564851e-04 4.45503509e-04
    3.62619176e-04 0. 7.14877737e-04 5.18027373e-05 1.34687114e-04
    1.13966025e-03 0. 2.90095340e-04 1.76129295e-04 5.59469510e-04
    9.32449184e-05 6.00911735e-04 2.90095340e-04 2.59013672e-04</data></hist_h>
<hist_s type_id="opencv-matrix">
  <rows>50</rows>
  <cols>1</cols>
  <dt>f</dt>
  <data>
    8.00782964e-02 3.56633306e-01 3.51718128e-01 3.22575033e-01
    3.40234876e-01 4.10178334e-01 4.53719020e-01 3.90778601e-01
    7.67986119e-01 9.65767741e-01 8.00087035e-01 9.15659010e-01 1.
    8.31665993e-01 6.22836053e-01 4.05045658e-01 3.44367117e-01
    2.09047422e-01 1.56981304e-01 1.40843853e-01 1.06655069e-01
    9.17355344e-02 7.16398433e-02 6.00695983e-02 4.56720330e-02
    4.56720330e-02 3.03610265e-02 2.64027845e-02 2.06176601e-02
    1.66594181e-02 1.52240116e-02 1.32666379e-02 1.17877349e-02
    1.07438024e-02 8.52544606e-03 7.09003909e-03 4.61070053e-03
    5.39364945e-03 4.26272303e-03 3.61026544e-03 3.21879098e-03
    3.04480223e-03 1.13092666e-03 1.39190955e-03 1.39190955e-03
    1.17442384e-03 1.13092666e-03 1.47890393e-03 0. 5.48499376e-02</data></hist_s>
<hist_v type_id="opencv-matrix">
  <rows>100</rows>
  <cols>1</cols>
  <dt>f</dt>
  <data>
    8.16610269e-03 1.52897239e-02 8.77421722e-03 5.47302654e-03
    4.65661287e-10 5.21240616e-03 2.25870917e-03 7.90548138e-03
    9.99044441e-03 5.12553239e-03 1.13804191e-02 4.95178578e-03
    9.64295119e-03 3.64868389e-03 1.17279142e-02 4.86491201e-03
    1.16410404e-02 1.12935472e-02 6.25488674e-03 9.46920365e-03
    5.82051976e-03 1.32916346e-02 9.12171043e-03 1.93727743e-02
    1.22491550e-02 1.95465218e-02 2.62357742e-02 2.06758771e-02
    3.97011563e-02 3.17088030e-02 4.95178550e-02 3.31856497e-02
    5.54252490e-02 6.88906237e-02 4.83884998e-02 8.99139941e-02
    6.28094822e-02 1.17105380e-01 8.17478895e-02 1.58196524e-01
    1.05724961e-01 1.63495794e-01 1.85127273e-01 1.28659546e-01
    1.81999832e-01 1.10242374e-01 1.63582668e-01 1.10416122e-01
    1.78698644e-01 1.22230910e-01 2.04500049e-01 2.23438457e-01
    1.66710109e-01 2.79124320e-01 2.01893851e-01 3.37937653e-01
    2.47068048e-01 4.35322762e-01 4.94222909e-01 3.76509428e-01
    6.01077199e-01 4.31760937e-01 7.21570671e-01 5.38528383e-01
    8.74120414e-01 6.05160296e-01 9.46485996e-01 1.00000012e+00
    6.51550710e-01 9.30501282e-01 5.48779428e-01 6.86560690e-01
    3.86152387e-01 4.84840602e-01 2.37251341e-01 2.67657042e-01
    2.19876647e-01 1.35348812e-01 1.98245168e-01 1.29788905e-01
    1.97115809e-01 1.38736874e-01 2.10059956e-01 2.26479024e-01
    1.54200345e-01 2.55407870e-01 1.77656159e-01 2.92676568e-01
    2.06671894e-01 3.43323797e-01 2.26913393e-01 3.24906617e-01
    3.22213560e-01 1.94596484e-01 2.72261322e-01 1.48206070e-01
    1.72965005e-01 1.00165062e-01 1.42646179e-01 2.84162998e-01</data></hist_v>
</opencv_storage>
