<?xml version="1.0"?>
<opencv_storage>
<hist_h type_id="opencv-matrix">
  <rows>50</rows>
  <cols>1</cols>
  <dt>f</dt>
  <data>
    8.58689010e-01 4.55176651e-01 1.93996340e-01 8.02532196e-01
    2.43005931e-01 7.61282444e-01 4.59464997e-01 7.24933669e-02
    4.88462329e-01 2.57913023e-01 2.86501944e-01 4.44149494e-01
    6.24872409e-02 5.59526265e-01 1.51929766e-01 3.92893612e-01
    2.06248730e-01 8.41331482e-02 7.73943245e-01 4.34551775e-01
    6.84500754e-01 3.29181135e-01 1. 6.58158064e-01 3.49601805e-01
    3.97998780e-01 2.76700020e-01 9.57729295e-02 1.81335524e-01
    1.01899125e-01 3.25913846e-01 2.98141718e-01 4.45170514e-02
    3.68593037e-01 1.59689620e-01 1.75209314e-01 6.57545477e-02
    2.04206654e-03 8.74004588e-02 8.78088642e-03 2.32795589e-02
    8.16826615e-03 0. 4.77843583e-02 2.61384528e-02 2.74657965e-01
    2.55258325e-02 2.14008585e-01 3.10802549e-01 1.41311020e-01</data></hist_h>
<hist_s type_id="opencv-matrix">
  <rows>50</rows>
  <cols>1</cols>
  <dt>f</dt>
  <data>
    5.37027299e-01 1. 9.38170671e-01 7.32102036e-01 5.36411643e-01
    4.18029904e-01 3.28759879e-01 2.88566381e-01 2.82849610e-01
    1.83465257e-01 1.45646438e-01 1.32365882e-01 1.04397543e-01
    8.50483775e-02 6.78100288e-02 6.38522431e-02 6.92172423e-02
    4.48548831e-02 3.58839072e-02 3.44766937e-02 2.77044866e-02
    2.24274416e-02 2.28671953e-02 2.11081803e-02 1.35444161e-02
    1.91732645e-02 1.17854010e-02 1.26649085e-02 7.91556761e-03
    9.32278018e-03 7.91556761e-03 6.33245381e-03 5.01319254e-03
    6.59630634e-03 4.83729132e-03 3.16622667e-03 2.46262085e-03
    4.39753756e-03 2.46262085e-03 2.55057169e-03 2.02286709e-03
    1.93491660e-03 8.79507512e-04 1.05540908e-03 0. 1.14335970e-03
    6.15655212e-04 2.63852300e-04 1.75901456e-04 3.28056291e-02</data></hist_s>
<hist_v type_id="opencv-matrix">
  <rows>100</rows>
  <cols>1</cols>
  <dt>f</dt>
  <data>
    1.17302053e-02 6.81818128e-02 5.64516149e-02 2.11876824e-01
    1.78885639e-01 3.48240465e-01 2.80791789e-01 5.42521954e-01
    6.16568923e-01 4.32551295e-01 7.12609947e-01 4.57477987e-01
    7.17008770e-01 4.93401766e-01 6.43694997e-01 4.20821100e-01
    6.80351913e-01 6.70087993e-01 4.21554238e-01 6.65689111e-01
    3.98093820e-01 6.70087993e-01 3.79765391e-01 6.09970689e-01
    4.41348970e-01 6.38563037e-01 6.57624602e-01 4.20087963e-01
    6.93548381e-01 4.46480930e-01 7.06744850e-01 4.75073278e-01
    7.23607004e-01 7.55131960e-01 4.86070395e-01 8.01319659e-01
    5.13196468e-01 8.40175927e-01 5.02932549e-01 8.61436963e-01
    5.61583579e-01 8.57771277e-01 9.01759505e-01 6.06305003e-01
    9.19354856e-01 5.74046910e-01 9.50146616e-01 6.25366569e-01
    9.89736021e-01 6.93548381e-01 9.60410535e-01 9.99999940e-01
    6.64955974e-01 9.86803472e-01 6.48093820e-01 9.72873867e-01
    6.15835786e-01 9.56744850e-01 8.93694997e-01 5.54985344e-01
    7.79325485e-01 4.88269806e-01 7.50733137e-01 4.59677398e-01
    6.56891465e-01 3.53372425e-01 5.20527840e-01 5.26392937e-01
    3.13782990e-01 4.82404709e-01 2.84457475e-01 4.67741907e-01
    2.36803517e-01 4.35483873e-01 2.58797646e-01 3.75366569e-01
    3.90762448e-01 2.56598234e-01 3.98826957e-01 2.45601162e-01
    3.35043967e-01 1.78885639e-01 2.96920806e-01 2.39002928e-01
    1.32697955e-01 2.19941363e-01 9.97067541e-02 1.61290333e-01
    6.81818128e-02 1.01173028e-01 3.73900272e-02 8.50439966e-02
    6.67155385e-02 2.12609954e-02 4.76539619e-02 0. 4.91202362e-02
    2.85923742e-02 4.32551317e-02 1.74486801e-01</data></hist_v>
</opencv_storage>
