<?xml version="1.0"?>
<opencv_storage>
<hist_h type_id="opencv-matrix">
  <rows>50</rows>
  <cols>1</cols>
  <dt>f</dt>
  <data>
    2.36656323e-01 1.71273991e-01 8.81440863e-02 1.17437482e-01
    7.39592239e-02 1.01867117e-01 1.16381861e-01 8.72863978e-02
    2.53546208e-01 4.01596606e-01 1. 4.75357890e-01 1.40859008e-01
    6.20175488e-02 3.15365829e-02 3.52312475e-02 1.51085295e-02 0.
    2.09804047e-02 1.48446243e-02 1.24694854e-02 4.28844709e-03
    2.60605644e-02 1.84733123e-02 1.10180108e-02 2.24978551e-02
    3.47694121e-02 9.83044039e-03 7.44210556e-02 1.19416760e-02
    4.97459918e-02 4.38741185e-02 2.51368992e-02 4.91522066e-02
    1.62960999e-02 2.59945877e-02 4.32803333e-02 7.58725312e-03
    4.53915671e-02 3.17345113e-02 8.34597796e-02 9.44777951e-02
    6.10279031e-02 1.65072247e-01 1.58012792e-01 2.13960543e-01
    1.30962595e-01 1.58408657e-01 1.84271291e-01 1.29247218e-01</data></hist_h>
<hist_s type_id="opencv-matrix">
  <rows>50</rows>
  <cols>1</cols>
  <dt>f</dt>
  <data>
    9.55275178e-01 5.85722446e-01 5.50458670e-01 5.57912827e-01
    7.06135273e-01 6.74311876e-01 6.32167399e-01 6.20986223e-01
    7.57740796e-01 6.09231651e-01 5.82855463e-01 6.38761461e-01
    5.86869240e-01 6.41055048e-01 5.75401366e-01 6.53383017e-01
    7.64621556e-01 6.54816508e-01 7.25630701e-01 8.07339430e-01
    8.54931176e-01 9.44094002e-01 9.67029750e-01 9.78784382e-01
    8.69839430e-01 9.99999940e-01 7.20183432e-01 6.07798159e-01
    5.11467874e-01 4.39220160e-01 3.53210986e-01 3.05045873e-01
    2.60321081e-01 2.75516033e-01 1.58830270e-01 1.57110095e-01
    1.27580270e-01 1.04644492e-01 7.85550475e-02 5.81995361e-02
    3.75573374e-02 5.01720123e-02 2.92431191e-02 1.66284386e-02
    1.20412838e-02 8.31421837e-03 1.06077977e-02 4.58715484e-03
    -9.31322575e-10 1.29300460e-01</data></hist_s>
<hist_v type_id="opencv-matrix">
  <rows>100</rows>
  <cols>1</cols>
  <dt>f</dt>
  <data>
    -2.32830644e-10 1.43319461e-02 1.20203421e-02 5.22422530e-02
    7.02727661e-02 3.21775317e-01 4.11465555e-01 7.82246828e-01
    9.99999940e-01 7.01803029e-01 9.48682368e-01 5.37679136e-01
    6.34766519e-01 3.42579752e-01 4.35968578e-01 2.52427191e-01
    3.99445206e-01 3.81877035e-01 2.57512718e-01 4.07304674e-01
    3.11141938e-01 4.60471570e-01 3.19463700e-01 5.53398013e-01
    3.96208972e-01 6.84697151e-01 7.16134965e-01 5.32593608e-01
    8.60841393e-01 5.79288006e-01 9.24641669e-01 6.22746170e-01
    9.08922732e-01 8.79796565e-01 5.81599593e-01 8.50670338e-01
    5.65418363e-01 8.60841393e-01 5.51548719e-01 8.66389215e-01
    5.64031422e-01 8.27091932e-01 7.60517776e-01 5.23809493e-01
    7.44336545e-01 5.01618087e-01 7.04576969e-01 4.24872875e-01
    6.19047582e-01 3.79103094e-01 5.50161779e-01 5.40915370e-01
    3.31484050e-01 4.88210827e-01 3.10679615e-01 4.45677310e-01
    2.55201131e-01 4.03143793e-01 3.68007392e-01 2.17290789e-01
    2.74156272e-01 1.87239945e-01 2.47803971e-01 1.41932502e-01
    2.13129908e-01 1.31761432e-01 1.95099398e-01 1.96024030e-01
    1.16967171e-01 1.86315298e-01 1.23439670e-01 1.84003696e-01
    1.28062874e-01 1.81229770e-01 1.09107718e-01 1.73370317e-01
    1.56726763e-01 1.06796116e-01 1.72445670e-01 9.75496992e-02
    1.67360142e-01 1.07720755e-01 1.48404986e-01 1.46093383e-01
    9.93989781e-02 1.47018030e-01 9.98613015e-02 1.51178911e-01
    1.07720755e-01 1.72907993e-01 1.21590376e-01 1.86315298e-01
    1.78455845e-01 1.28062874e-01 2.01571882e-01 1.73370317e-01
    2.99583912e-01 2.33934343e-01 4.95145619e-01 9.17706847e-01</data></hist_v>
</opencv_storage>
