<?xml version="1.0"?>
<opencv_storage>
<hist_h type_id="opencv-matrix">
  <rows>50</rows>
  <cols>1</cols>
  <dt>f</dt>
  <data>
    1.33811519e-01 1.15013607e-02 7.37900939e-03 1.11509606e-01
    3.43845308e-01 5.59073329e-01 1. 5.78778148e-01 1.27215758e-01
    5.65998852e-02 2.60120369e-02 1.64069571e-02 3.46277491e-03
    9.64630209e-03 2.67952844e-03 5.23538608e-03 2.18484621e-03 0.
    5.02926856e-03 2.14362261e-03 1.55000417e-02 3.13298707e-03
    9.31651425e-03 1.54588176e-02 1.15425838e-02 4.18830886e-02
    5.98153174e-02 7.30892867e-02 1.12828754e-01 2.81968825e-02
    3.14535424e-02 2.29614954e-02 4.98804543e-03 2.94335876e-02
    7.95613788e-03 1.40984422e-02 1.31915249e-02 3.05053988e-03
    1.27380658e-02 2.14362261e-03 4.12235130e-03 5.97740896e-03
    2.06117518e-04 4.86437418e-03 1.77261117e-03 1.27380658e-02
    1.03058782e-03 4.82315104e-03 5.56517392e-03 3.25665739e-03</data></hist_h>
<hist_s type_id="opencv-matrix">
  <rows>50</rows>
  <cols>1</cols>
  <dt>f</dt>
  <data>
    1.00000012e+00 5.85729897e-01 4.10811812e-01 4.07899529e-01
    5.24572253e-01 6.46887541e-01 5.97561002e-01 6.03385508e-01
    4.77793962e-01 2.98143446e-01 3.75136524e-01 5.08372784e-01
    7.40444124e-01 9.75791812e-01 9.96177673e-01 8.68583918e-01
    8.07426333e-01 4.15908277e-01 3.02147806e-01 2.48452857e-01
    2.17874050e-01 2.06589013e-01 2.21150354e-01 2.45904624e-01
    2.64834374e-01 3.42191488e-01 2.89588660e-01 3.23807806e-01
    3.24717879e-01 3.29814345e-01 2.94867128e-01 2.53731340e-01
    1.96942121e-01 1.74372047e-01 1.07753918e-01 7.44448453e-02
    5.36949411e-02 3.56752835e-02 2.07499098e-02 2.02038586e-02
    9.64688789e-03 1.36512564e-02 9.10083763e-03 6.91663660e-03
    5.46050258e-03 5.82453609e-03 1.82016753e-03 2.36621778e-03 0.
    6.33418262e-02</data></hist_s>
<hist_v type_id="opencv-matrix">
  <rows>100</rows>
  <cols>1</cols>
  <dt>f</dt>
  <data>
    2.82568801e-02 8.73394459e-02 1.13761470e-01 3.32477063e-01
    2.39266038e-01 3.35045874e-01 1.70642197e-01 2.18715593e-01
    1.38715595e-01 4.73394468e-02 5.10091707e-02 2.31192652e-02
    3.22935805e-02 8.80734064e-03 1.21100899e-02 8.80734064e-03
    1.02752279e-02 1.90825667e-02 0. 1.98165122e-02 8.44036601e-03
    2.93577965e-02 1.35779809e-02 2.97247712e-02 1.57798175e-02
    3.92660499e-02 3.44954133e-02 1.68807339e-02 4.84403670e-02
    2.31192652e-02 4.62385267e-02 3.30275223e-02 6.75229356e-02
    7.48623833e-02 3.70642170e-02 9.28440318e-02 5.13761416e-02
    9.94495377e-02 6.42201826e-02 1.20366961e-01 9.43119228e-02
    1.55963302e-01 2.01834857e-01 1.41284391e-01 2.44036674e-01
    1.65137604e-01 2.77798146e-01 1.95963293e-01 3.23669702e-01
    2.48073399e-01 3.77981633e-01 4.22752291e-01 3.20366949e-01
    4.71192658e-01 3.11926603e-01 4.96880740e-01 3.19633007e-01
    4.72293556e-01 4.34495389e-01 2.93577969e-01 4.36697245e-01
    3.03853214e-01 4.88440365e-01 3.20733935e-01 6.10275269e-01
    4.16513741e-01 7.64036715e-01 8.73394489e-01 6.30825698e-01
    9.79449511e-01 6.40733957e-01 1. 6.10275269e-01 9.10091758e-01
    5.74311912e-01 9.15596366e-01 8.69724751e-01 5.73211014e-01
    8.52110088e-01 5.40183485e-01 7.58165121e-01 4.75596309e-01
    6.96880758e-01 7.35045910e-01 4.31559622e-01 6.63853228e-01
    4.04036671e-01 5.63302755e-01 3.45321089e-01 4.31926578e-01
    2.27155954e-01 3.03119242e-01 2.62018353e-01 1.30275220e-01
    1.87889904e-01 1.31376147e-01 1.83119252e-01 1.24770641e-01
    1.77981645e-01 4.05504584e-01</data></hist_v>
</opencv_storage>
