<?xml version="1.0"?>
<opencv_storage>
<hist_h type_id="opencv-matrix">
  <rows>50</rows>
  <cols>1</cols>
  <dt>f</dt>
  <data>
    4.89126367e-04 1.31311612e-02 9.27835107e-02 3.61840636e-01 1.
    9.96388018e-01 2.01106191e-01 3.53675969e-02 1.93769280e-02
    5.98239154e-03 4.51501273e-03 6.02001674e-04 0. 0. 0. 0. 0. 0. 0. 0.
    0. 0. 0. 0. 0. 0. 0. 0. 0. 0. 0. 0. 0. 0. 0. 0. 0. 0. 0. 0. 0. 0. 0.
    0. 0. 0. 0. 0. 0. 0.</data></hist_h>
<hist_s type_id="opencv-matrix">
  <rows>50</rows>
  <cols>1</cols>
  <dt>f</dt>
  <data>
    0. 0. 0. 0. 6.10997959e-04 1.62932789e-03 2.85132369e-03
    5.90631366e-03 3.64562124e-02 7.80040696e-02 8.35030526e-02
    9.59266797e-02 8.92057046e-02 1.14460282e-01 1.45213842e-01
    1.69042766e-01 2.46435836e-01 2.22199589e-01 2.83299387e-01
    4.48472500e-01 7.73319721e-01 9.70061064e-01 1. 9.07128274e-01
    7.28105903e-01 8.16904247e-01 5.56211829e-01 5.40936887e-01
    5.09368658e-01 4.67820764e-01 4.63951111e-01 4.49083507e-01
    4.32586551e-01 4.76782084e-01 3.63136441e-01 3.45010191e-01
    3.36659878e-01 3.06517303e-01 3.11608970e-01 3.02240312e-01
    2.93482691e-01 3.06313634e-01 2.10997969e-01 1.68228105e-01
    1.32993892e-01 1.08553968e-01 7.78004080e-02 6.88391030e-02
    6.04887977e-02 2.77800411e-01</data></hist_s>
<hist_v type_id="opencv-matrix">
  <rows>100</rows>
  <cols>1</cols>
  <dt>f</dt>
  <data>
    0. 0. 0. 0. 0. 0. 0. 0. 1.10192841e-03 0. 1.10192841e-03
    5.50964207e-04 1.65289268e-03 5.50964195e-03 8.26446339e-03
    1.54269980e-02 3.58126722e-02 5.45454547e-02 5.23415990e-02
    1.23966947e-01 1.09090909e-01 1.87878788e-01 1.15702480e-01
    2.19283760e-01 1.76859513e-01 2.55096436e-01 3.20661157e-01
    2.49035820e-01 4.35261726e-01 3.49862278e-01 4.63360906e-01
    3.34986240e-01 3.95592302e-01 3.86225909e-01 2.47382924e-01
    3.97796154e-01 2.74380177e-01 4.64462817e-01 3.20110202e-01
    5.63636363e-01 3.70798916e-01 5.87878823e-01 6.05509639e-01
    4.27548230e-01 6.14876032e-01 4.19834733e-01 6.68319583e-01
    4.23691481e-01 6.25895321e-01 4.07713503e-01 6.24793410e-01
    6.20385706e-01 4.23140526e-01 6.71074390e-01 4.49586779e-01
    6.58402205e-01 4.65013802e-01 6.69972479e-01 6.67217672e-01
    4.25344378e-01 6.67217672e-01 4.23140526e-01 5.87878823e-01
    3.95592302e-01 6.33608818e-01 4.42975223e-01 6.89807177e-01
    7.32231438e-01 5.20110190e-01 8.62258971e-01 6.21487617e-01
    9.05785143e-01 6.08264506e-01 9.36088204e-01 6.19283795e-01
    8.94765854e-01 9.49862301e-01 6.50688708e-01 9.82369184e-01
    6.17079914e-01 8.54545474e-01 5.41597843e-01 7.66391218e-01
    6.77685976e-01 4.08264488e-01 5.47658443e-01 2.95316815e-01
    4.01652902e-01 2.64462829e-01 3.76859516e-01 2.17079893e-01
    3.25068891e-01 3.01377416e-01 2.17630863e-01 3.25068891e-01
    2.26997256e-01 4.07713503e-01 2.76584029e-01 4.33608830e-01 1.</data></hist_v>
</opencv_storage>
