<?xml version="1.0"?>
<opencv_storage>
<hist_h type_id="opencv-matrix">
  <rows>50</rows>
  <cols>1</cols>
  <dt>f</dt>
  <data>
    6.70247257e-01 9.62482989e-02 9.83550306e-03 1.06316522e-01
    5.54977134e-02 9.99999940e-01 7.14488685e-01 3.31810415e-02
    4.71038520e-01 3.27768445e-01 6.35045230e-01 1.41040862e-01
    3.56429815e-03 5.95641956e-02 4.43393784e-03 1.09133665e-02
    3.25808697e-03 -7.27595761e-12 1.04111796e-02 2.21696892e-03
    1.05238654e-01 1.59229821e-04 3.80926696e-03 1.48941120e-02
    2.13122973e-03 6.06298121e-03 1.50778387e-02 3.96849681e-03
    3.17357257e-02 1.26159005e-02 5.52894883e-02 4.51600216e-02
    2.97637261e-03 8.46612677e-02 1.67926215e-02 2.27208696e-02
    2.81959251e-02 2.20472022e-04 6.21486194e-02 1.26159005e-03
    3.04986327e-03 4.89937898e-04 3.67453395e-05 8.54941644e-03
    9.18633537e-04 2.88463175e-01 1.02886953e-03 3.98074510e-03
    3.40629295e-02 8.29219911e-03</data></hist_h>
<hist_s type_id="opencv-matrix">
  <rows>50</rows>
  <cols>1</cols>
  <dt>f</dt>
  <data>
    1. 7.16768801e-01 2.55242497e-01 1.66295871e-01 1.41708896e-01
    1.23767421e-01 1.24714732e-01 1.50091141e-01 1.85715720e-01
    1.79701746e-01 1.18399337e-01 1.36728331e-01 1.24542490e-01
    2.37372801e-01 1.18643336e-01 2.45066091e-01 1.87222809e-01
    8.76261294e-02 5.60060851e-02 2.19000727e-01 1.48282647e-01
    6.49481118e-02 7.97892958e-02 6.43452778e-02 3.21511109e-03
    3.10602695e-01 1.18844286e-02 9.71709862e-02 7.99471792e-03
    8.04782510e-02 6.90387702e-03 5.30493334e-02 1.46402372e-03
    1.44278109e-01 5.38244052e-03 2.98976619e-02 1.65061501e-03
    7.27562383e-02 2.45439284e-03 6.78905146e-03 3.58829362e-04
    4.72506508e-02 4.04759496e-03 1.79414684e-03 4.65042843e-03
    8.61190492e-05 4.30595246e-05 1.43531743e-05 0. 2.93996066e-01</data></hist_s>
<hist_v type_id="opencv-matrix">
  <rows>100</rows>
  <cols>1</cols>
  <dt>f</dt>
  <data>
    5.92377961e-01 1.00000012e+00 4.77124065e-01 9.94224548e-01
    7.87152529e-01 8.25930655e-01 3.07867616e-01 2.25911006e-01
    1.51694328e-01 7.71633461e-02 6.84608594e-02 3.09203416e-02
    5.04272692e-02 4.29230928e-02 8.23494792e-02 4.70484234e-02
    5.73813990e-02 4.86003347e-02 2.72861235e-02 4.61840704e-02
    2.74236351e-02 3.40438075e-02 1.21599063e-02 1.33975055e-02
    5.73617546e-03 8.78106244e-03 5.91297494e-03 1.10008847e-03
    3.86995403e-03 1.41439913e-03 3.53599852e-03 2.14124331e-03
    4.63608699e-03 4.61644260e-03 2.27875495e-03 9.31146182e-03
    2.23946525e-03 3.53599852e-03 6.28621783e-04 3.08417669e-03 0.
    4.73430892e-03 4.26284270e-03 9.62577295e-04 5.02897566e-03
    1.90551020e-03 7.18986383e-03 2.55377637e-03 8.76141898e-03
    4.63608699e-03 1.11580398e-02 1.36135947e-02 6.65946351e-03
    1.37707498e-02 8.64355266e-03 1.87407918e-02 1.50083490e-02
    3.02917212e-02 2.82094106e-02 1.95855033e-02 3.30812298e-02
    1.90354586e-02 3.11167873e-02 1.76407043e-02 3.10578533e-02
    2.08623912e-02 3.77173163e-02 4.20980267e-02 2.61860341e-02
    4.19605151e-02 2.59306580e-02 4.21962477e-02 2.72468328e-02
    4.21766043e-02 2.19624806e-02 3.46527845e-02 3.92888710e-02
    2.88380310e-02 5.45329563e-02 3.09006982e-02 4.08800729e-02
    2.12159920e-02 3.40830982e-02 2.91326977e-02 1.74442604e-02
    2.25714575e-02 1.20616835e-02 2.47716345e-02 1.81711037e-02
    3.75405177e-02 2.52431016e-02 3.98978516e-02 6.52981028e-02
    5.67134880e-02 1.14055596e-01 7.09557012e-02 7.99528584e-02
    5.26078008e-02 3.21579427e-02 6.09763339e-02</data></hist_v>
</opencv_storage>
