<?xml version="1.0"?>
<opencv_storage>
<hist_h type_id="opencv-matrix">
  <rows>50</rows>
  <cols>1</cols>
  <dt>f</dt>
  <data>
    1.00000012e+00 1.44947693e-01 9.26318914e-02 1.99824408e-01
    1.66678876e-01 2.32823595e-01 2.07799822e-01 7.21445829e-02
    1.60239995e-01 6.43155053e-02 5.39986864e-02 4.70476337e-02
    1.90970954e-02 4.91695330e-02 2.95602567e-02 3.19748297e-02
    2.50237808e-02 6.58520730e-04 3.27065215e-02 1.74873788e-02
    1.36752769e-01 4.97548841e-03 6.37301579e-02 1.57971770e-01
    1.77068859e-02 1.17802009e-01 1.76995695e-01 7.45591596e-02
    3.83624822e-01 1.34338200e-01 2.19872698e-01 1.72093377e-01
    2.34140642e-02 1.14363067e-01 2.68530045e-02 4.09746133e-02
    3.63649689e-02 5.41450270e-03 3.81210223e-02 7.31689483e-03
    1.75605472e-02 2.61213146e-02 0. 2.46579368e-02 8.48759804e-03
    7.41201490e-02 4.82915062e-03 2.29018815e-02 4.72671427e-02
    3.47552523e-02</data></hist_h>
<hist_s type_id="opencv-matrix">
  <rows>50</rows>
  <cols>1</cols>
  <dt>f</dt>
  <data>
    1. 2.48837724e-01 2.80883342e-01 1.94321454e-01 1.71629399e-01
    1.37037858e-01 1.31392524e-01 1.21872932e-01 1.40026569e-01
    1.01062655e-01 9.65795964e-02 8.94952491e-02 8.60637650e-02
    8.87203962e-02 8.39606002e-02 9.49745476e-02 1.00841276e-01
    6.52534887e-02 6.13238886e-02 6.23754747e-02 4.75426167e-02
    3.25437225e-02 2.56807618e-02 1.75448302e-02 1.23422630e-02
    2.08102725e-02 9.07682162e-03 9.18751489e-03 7.25038769e-03
    8.85543600e-03 5.86672593e-03 5.92207210e-03 4.70444979e-03
    1.76001769e-02 2.87801633e-03 4.81514307e-03 1.77108706e-03
    6.36484427e-03 1.38366176e-03 2.04781932e-03 9.96236457e-04
    4.53841034e-03 1.66039413e-03 1.82643346e-03 8.30197067e-04
    4.98118286e-04 2.21385897e-04 2.76732375e-04 1.45519152e-11
    1.15895510e-01</data></hist_s>
<hist_v type_id="opencv-matrix">
  <rows>100</rows>
  <cols>1</cols>
  <dt>f</dt>
  <data>
    3.31148416e-01 1.34686172e-01 4.16629277e-02 2.82840990e-02
    4.48953919e-03 5.20786643e-03 0. 4.48953919e-03 3.23246862e-03
    3.32225929e-03 1.70602500e-02 2.57699564e-02 1.41151115e-01
    1.19511537e-01 2.42524922e-01 1.67459816e-01 2.15587676e-01
    1.60007179e-01 8.91622528e-02 1.20589025e-01 6.88695312e-02
    8.68276879e-02 5.63886166e-02 8.04525465e-02 5.60294539e-02
    7.27305338e-02 7.11143017e-02 4.58830930e-02 7.01266006e-02
    4.61524650e-02 6.80614114e-02 4.39974852e-02 6.42902032e-02
    6.88695312e-02 5.10909595e-02 6.84205741e-02 4.54341397e-02
    6.30331337e-02 3.93283665e-02 5.05522154e-02 3.35817561e-02
    4.94747236e-02 4.78584915e-02 3.07084508e-02 5.24378195e-02
    3.70835960e-02 4.67809997e-02 2.62189098e-02 4.30995785e-02
    2.64882836e-02 4.27404158e-02 4.30995785e-02 2.15497892e-02
    3.62754799e-02 1.95743926e-02 2.90024243e-02 1.77785754e-02
    2.78351456e-02 2.96309590e-02 1.83173213e-02 2.91820057e-02
    2.02029273e-02 2.84636803e-02 1.67908780e-02 2.59495378e-02
    1.64317153e-02 2.10110452e-02 2.32558139e-02 1.12238489e-02
    2.21783258e-02 1.67908780e-02 2.19987426e-02 1.34686194e-02
    2.11008359e-02 1.34686194e-02 2.12804172e-02 2.15497892e-02
    1.28400829e-02 2.21783258e-02 1.49052702e-02 2.25374885e-02
    1.49052702e-02 2.34353952e-02 2.55903751e-02 1.56235974e-02
    2.42435131e-02 1.49052702e-02 2.60393284e-02 2.05620900e-02
    3.04390788e-02 1.87662747e-02 2.68474463e-02 2.55005844e-02
    1.60725508e-02 2.91820057e-02 2.04722993e-02 4.57035117e-02
    4.68707904e-02 1.61084667e-01 1.00000012e+00</data></hist_v>
</opencv_storage>
