<?xml version="1.0"?>
<opencv_storage>
<hist_h type_id="opencv-matrix">
  <rows>50</rows>
  <cols>1</cols>
  <dt>f</dt>
  <data>
    1.38827175e-01 1.78213164e-01 2.34228775e-01 9.35972512e-01 1.
    5.42516649e-01 2.95361191e-01 9.16313156e-02 1.27987623e-01
    9.86332744e-02 1.32498488e-01 1.92217067e-01 1.27112374e-01
    1.63939953e-01 2.91523617e-02 2.51127724e-02 3.43364989e-03 0.
    7.60789076e-03 5.11681149e-03 2.08038781e-02 1.24553964e-02
    3.05662174e-02 2.35642642e-02 1.75048821e-02 3.54810469e-02
    4.20790389e-02 3.40671912e-02 9.06214193e-02 2.63246503e-02
    4.12711203e-02 6.49700388e-02 7.40590971e-04 5.97859025e-02
    7.78967217e-02 3.23167033e-02 5.39284982e-02 1.75048783e-03
    1.91880427e-02 1.00989696e-02 2.31603049e-02 1.22534167e-02
    1.54850865e-03 1.54177602e-02 4.57819970e-03 3.22493762e-02
    6.66531967e-03 2.20830813e-02 2.71325652e-02 2.75365245e-02</data></hist_h>
<hist_s type_id="opencv-matrix">
  <rows>50</rows>
  <cols>1</cols>
  <dt>f</dt>
  <data>
    2.11724728e-01 6.42820716e-01 7.27782488e-01 9.21665192e-01
    8.16312611e-01 7.92353392e-01 8.73916686e-01 9.67884421e-01
    9.99999940e-01 7.89634645e-01 7.02973604e-01 6.55734897e-01
    5.05862355e-01 4.49107885e-01 3.84706855e-01 3.80458772e-01
    4.40781623e-01 3.28802019e-01 3.22344929e-01 2.87340671e-01
    2.55395055e-01 2.25488529e-01 2.12914184e-01 2.09005952e-01
    1.59898043e-01 1.64485976e-01 1.02293961e-01 6.42310902e-02
    4.41801175e-02 2.22599823e-02 2.03908235e-02 1.17247235e-02
    1.37638059e-02 1.00254882e-02 7.13678822e-03 4.24808823e-03
    5.60747646e-03 2.03908235e-03 2.37892941e-03 2.71877646e-03
    1.18946470e-03 1.69923529e-03 1.01954117e-03 1.01954117e-03
    5.09770587e-04 6.79694116e-04 1.01954117e-03 1.69923529e-04 0.
    5.60747646e-03</data></hist_s>
<hist_v type_id="opencv-matrix">
  <rows>100</rows>
  <cols>1</cols>
  <dt>f</dt>
  <data>
    0. 2.69946014e-03 4.49910015e-03 1.07978405e-02 1.91961601e-02
    6.32873401e-02 8.24835002e-02 2.29454100e-01 3.45230937e-01
    2.42951408e-01 3.20935786e-01 1.92561492e-01 2.51649648e-01
    1.59268141e-01 2.30053991e-01 1.39772043e-01 1.93161368e-01
    1.76364720e-01 1.07378520e-01 1.55068979e-01 9.77804363e-02
    1.60167962e-01 9.65806767e-02 1.53869227e-01 1.12177558e-01
    2.04559088e-01 2.50149965e-01 1.95860818e-01 2.94241130e-01
    1.94061190e-01 3.18536282e-01 1.92561492e-01 3.00539881e-01
    3.01739633e-01 2.05758840e-01 2.93041378e-01 2.04559088e-01
    3.11637640e-01 2.15656862e-01 3.47930402e-01 2.38752246e-01
    3.78824204e-01 4.25014973e-01 2.98140347e-01 4.63407278e-01
    3.17636460e-01 5.18596292e-01 3.43131363e-01 5.61487675e-01
    3.99820000e-01 5.99880040e-01 5.87282538e-01 3.97720426e-01
    5.63287318e-01 3.51529658e-01 5.14997005e-01 3.38932186e-01
    4.88002360e-01 4.82603461e-01 2.98740238e-01 4.19916004e-01
    2.66046762e-01 3.56028765e-01 2.23755240e-01 2.79844016e-01
    1.58668265e-01 2.21955612e-01 2.14757040e-01 1.10377915e-01
    1.81763649e-01 1.16676658e-01 1.64067179e-01 9.95800793e-02
    1.28674269e-01 8.75824764e-02 1.07078575e-01 8.81823599e-02
    5.87882400e-02 7.73845166e-02 4.34913002e-02 6.44870996e-02
    4.79904003e-02 6.20875843e-02 6.23875223e-02 4.16916609e-02
    6.80863783e-02 4.37912419e-02 8.54828954e-02 5.96880615e-02
    1.07978396e-01 8.30833763e-02 1.29274145e-01 1.60467908e-01
    1.47270545e-01 2.87042558e-01 2.66046762e-01 6.15776837e-01
    5.78284323e-01 1. 9.73605275e-01</data></hist_v>
</opencv_storage>
