<?xml version="1.0"?>
<opencv_storage>
<hist_h type_id="opencv-matrix">
  <rows>50</rows>
  <cols>1</cols>
  <dt>f</dt>
  <data>
    1.54272422e-01 1.10829864e-02 1.01251975e-02 5.59622385e-02
    5.61674796e-02 1. 3.27426970e-01 8.50106061e-01 2.82821387e-01
    2.06882402e-01 1.91420957e-01 1.84032302e-02 1.91557780e-03
    9.50947590e-03 2.18923180e-03 4.17322293e-03 2.59971269e-03 0.
    8.20961967e-03 1.09461590e-03 2.94178026e-03 0. 1.23144290e-03
    3.07860714e-03 1.36826988e-04 3.83115560e-03 2.25764536e-03
    5.47307951e-04 1.97714996e-02 6.84134953e-04 4.03639628e-03
    2.39447225e-03 8.89375398e-04 1.32038044e-02 8.48327298e-03
    2.62707807e-02 1.43668335e-03 6.84134939e-05 8.20961897e-04
    5.47307951e-04 8.89375398e-04 1.29985635e-03 0. 1.50509691e-03
    6.15721452e-04 2.25764536e-03 0. 6.15721452e-04 3.48908827e-03
    3.28384759e-03</data></hist_h>
<hist_s type_id="opencv-matrix">
  <rows>50</rows>
  <cols>1</cols>
  <dt>f</dt>
  <data>
    7.58677721e-01 9.14285719e-01 4.26210165e-01 4.16292816e-01
    2.81936258e-01 3.65761518e-01 4.82880771e-01 6.49822950e-01 1.
    8.99881959e-01 9.06021297e-01 8.14403772e-01 6.69421494e-01
    5.56552529e-01 4.30696607e-01 3.02951604e-01 2.82172382e-01
    1.91263288e-01 1.47343561e-01 1.50649354e-01 1.06493510e-01
    8.73671770e-02 7.50885457e-02 5.83234951e-02 4.13223132e-02
    5.14757968e-02 3.75442728e-02 2.33766232e-02 2.43211333e-02
    2.14876030e-02 1.98347103e-02 1.53482873e-02 1.58205424e-02
    1.55844148e-02 7.79220741e-03 1.15702478e-02 6.61157025e-03
    2.83353007e-03 7.79220741e-03 5.43093262e-03 5.43093262e-03
    3.06965737e-03 1.18063740e-03 3.06965737e-03 2.36127502e-03
    2.59740255e-03 1.18063740e-03 2.36127502e-03 0. 4.20306958e-02</data></hist_s>
<hist_v type_id="opencv-matrix">
  <rows>100</rows>
  <cols>1</cols>
  <dt>f</dt>
  <data>
    0. 1.02685625e-02 7.10900500e-03 1.34281209e-02 1.89573448e-02
    3.23854685e-02 2.76461300e-02 8.37282762e-02 9.08372849e-02
    7.18799382e-02 1.46919444e-01 1.28751978e-01 2.37756729e-01
    2.03791469e-01 3.49131137e-01 2.89099544e-01 4.79462892e-01
    5.70300162e-01 4.77093220e-01 8.07266951e-01 5.81358612e-01
    8.64139020e-01 6.14533961e-01 9.21800911e-01 5.83728254e-01
    9.47867274e-01 9.61295426e-01 6.65086865e-01 9.99999940e-01
    6.35860980e-01 9.38388586e-01 6.01105809e-01 9.55766201e-01
    8.68088424e-01 6.01895690e-01 8.49131107e-01 5.92417061e-01
    8.36492896e-01 5.91627181e-01 8.04107428e-01 5.77409148e-01
    7.95418620e-01 7.75671363e-01 5.37914693e-01 7.64612913e-01
    5.19747198e-01 7.01421797e-01 4.64454979e-01 6.62717223e-01
    4.47867304e-01 6.57977879e-01 6.08214855e-01 4.06003177e-01
    5.51342785e-01 4.13112164e-01 5.48973143e-01 3.72037917e-01
    4.94470775e-01 4.41548198e-01 2.55924165e-01 3.96524489e-01
    2.92259097e-01 3.61769348e-01 2.17219591e-01 3.37282777e-01
    2.10900486e-01 3.04107428e-01 2.93048978e-01 1.80884689e-01
    2.50394940e-01 1.51658773e-01 2.22748816e-01 1.48499221e-01
    2.21169040e-01 1.46129549e-01 2.33017385e-01 1.96682468e-01
    1.33491322e-01 1.90363362e-01 1.13744073e-01 1.91153243e-01
    1.27172202e-01 1.79304898e-01 1.68246448e-01 1.03475511e-01
    1.54028445e-01 1.12954184e-01 1.46919444e-01 1.11374408e-01
    1.48499221e-01 1.01105846e-01 1.27172202e-01 1.42969996e-01
    8.92575011e-02 1.33491322e-01 9.79462862e-02 1.39020547e-01
    9.08372849e-02 1.21642970e-01 2.50394940e-01</data></hist_v>
</opencv_storage>
