<?xml version="1.0"?>
<opencv_storage>
<hist_h type_id="opencv-matrix">
  <rows>50</rows>
  <cols>1</cols>
  <dt>f</dt>
  <data>
    4.78963368e-02 8.20142741e-04 5.16689941e-03 2.31116220e-01
    6.88755870e-01 1. 5.51710010e-01 1.83958024e-01 1.49430007e-01
    1.28844425e-01 7.68473744e-02 1.26876086e-01 7.05322772e-02
    1.28352344e-01 1.19002715e-01 2.54736334e-01 3.38390887e-01
    2.02083170e-01 3.62421066e-01 4.07692969e-01 3.36258531e-01
    1.90191105e-01 3.91208082e-02 1.72229973e-03 1.14819990e-03
    1.23021414e-03 0. 0. 1.88632833e-03 3.28057096e-04 1.64028548e-04 0.
    0. 0. 0. 0. 0. 0. 0. 0. 0. 0. 0. 0. 0. 0. 0. 0. 0. 0.</data></hist_h>
<hist_s type_id="opencv-matrix">
  <rows>50</rows>
  <cols>1</cols>
  <dt>f</dt>
  <data>
    6.58624843e-02 0. 2.89505441e-03 7.59951817e-03 2.03860085e-02
    3.35343815e-02 3.71531993e-02 3.84800993e-02 5.15078418e-02
    5.52472882e-02 7.02050626e-02 8.97466838e-02 1.31724969e-01
    1.69119418e-01 2.18697235e-01 2.54161656e-01 3.49336565e-01
    3.46441507e-01 3.72135103e-01 3.75874549e-01 3.50542814e-01
    3.48371536e-01 3.31001222e-01 3.01206291e-01 2.48974666e-01
    3.13027740e-01 2.22557306e-01 2.20024124e-01 1.61761165e-01
    1.84077203e-01 1.38480097e-01 1.43184558e-01 1.17008440e-01
    1.59710497e-01 1.00241251e-01 1.15319662e-01 9.02291909e-02
    1.13872133e-01 8.91435444e-02 1.03015684e-01 8.57659802e-02
    1.06875755e-01 1.04583837e-01 9.34861302e-02 1.02774426e-01
    6.92400485e-02 1.10012062e-01 5.82629703e-02 2.17129081e-03
    1.00000012e+00</data></hist_s>
<hist_v type_id="opencv-matrix">
  <rows>100</rows>
  <cols>1</cols>
  <dt>f</dt>
  <data>
    2.34379172e-01 3.64440858e-01 3.38964850e-01 6.49235725e-01
    4.81630415e-01 9.99999881e-01 7.54357696e-01 9.97854590e-01
    7.68570662e-01 4.02252585e-01 5.40359378e-01 2.78358787e-01
    3.59613836e-01 1.77527472e-01 2.18289077e-01 1.00294977e-01
    1.45079106e-01 1.33279696e-01 6.14105612e-02 1.17189586e-01
    5.87288812e-02 9.84178036e-02 5.09519950e-02 7.37463087e-02
    2.70850062e-02 5.73880374e-02 4.96111512e-02 1.55537650e-02
    3.35210487e-02 1.12630725e-02 2.60123350e-02 1.34084001e-03
    2.86940187e-02 2.97666937e-02 1.68946087e-02 3.75435725e-02
    3.13756987e-02 4.88066450e-02 2.76213437e-02 7.32099712e-02
    4.58567962e-02 8.74228999e-02 1.15312412e-01 7.42826462e-02
    1.48565292e-01 1.03513002e-01 1.75113961e-01 1.19334936e-01
    2.16143727e-01 1.35693207e-01 2.41083384e-01 2.42424220e-01
    1.67337075e-01 2.86403835e-01 1.79136485e-01 2.86135674e-01
    1.70555100e-01 2.65754879e-01 2.52614617e-01 1.79136485e-01
    2.56637156e-01 1.50442466e-01 2.27674961e-01 1.42933756e-01
    2.18020916e-01 1.09949037e-01 1.75382137e-01 1.49637967e-01
    8.31321999e-02 1.34620532e-01 5.89970499e-02 1.02172166e-01
    4.66613024e-02 7.88415074e-02 3.88844162e-02 7.07964599e-02
    6.19468987e-02 1.76991150e-02 3.91525850e-02 2.01126300e-02
    3.43255550e-02 1.63582712e-02 2.97666937e-02 3.05712000e-02
    9.11772624e-03 2.33306512e-02 1.07267126e-03 2.01126300e-02 0.
    2.11853012e-02 0. 1.71627775e-02 2.60123350e-02 6.16787374e-03
    1.95762925e-02 6.43604249e-03 2.33306512e-02 7.50871375e-03
    2.25261450e-02 6.65057600e-02</data></hist_v>
</opencv_storage>
