<?xml version="1.0"?>
<opencv_storage>
<hist_h type_id="opencv-matrix">
  <rows>50</rows>
  <cols>1</cols>
  <dt>f</dt>
  <data>
    1. 1.36589423e-01 1.26721114e-01 1.52692109e-01 5.54425716e-02
    8.69144872e-02 4.66744453e-02 1.33022172e-02 4.48408052e-02
    9.76829510e-03 1.34022338e-02 1.29021499e-02 4.56742756e-03
    1.03350561e-02 2.13368889e-03 4.23403876e-03 2.63377232e-03 0.
    1.22020338e-02 9.83497221e-03 6.99116513e-02 6.53442228e-03
    3.75729278e-02 5.53092174e-02 1.08851470e-01 2.89748281e-01
    1.07917987e-01 4.60076667e-02 9.23153833e-02 7.20786750e-02
    1.92198694e-01 2.85047498e-02 2.50041671e-03 5.77096157e-02
    1.83697287e-02 1.40690114e-02 1.10351723e-02 6.86781108e-03
    1.61360223e-02 3.20053333e-03 7.56792771e-03 2.85380892e-02
    2.10034987e-03 1.51358563e-02 1.30021675e-02 3.53392214e-02
    1.39023168e-02 4.89414893e-02 8.11468586e-02 7.18453079e-02</data></hist_h>
<hist_s type_id="opencv-matrix">
  <rows>50</rows>
  <cols>1</cols>
  <dt>f</dt>
  <data>
    1. 2.85383701e-01 1.74769700e-01 1.08961083e-01 8.35059732e-02
    7.12302253e-02 6.71750382e-02 7.16048852e-02 6.77039772e-02
    5.89985475e-02 5.43483086e-02 5.09322546e-02 3.77969779e-02
    2.52787955e-02 1.71023067e-02 1.02261212e-02 6.39132550e-03
    3.17362370e-03 1.85128057e-03 5.95054473e-04 3.30585812e-04
    2.64468661e-04 4.40781077e-05 4.40781077e-05 2.20390539e-05 0. 0. 0.
    0. 0. 0. 0. 0. 0. 0. 0. 0. 0. 0. 0. 0. 0. 0. 0. 0. 0. 0. 0. 0. 0.</data></hist_s>
<hist_v type_id="opencv-matrix">
  <rows>100</rows>
  <cols>1</cols>
  <dt>f</dt>
  <data>
    0. 0. 0. 0. 0. 0. 0. 0. 0. 0. 2.39779401e-05 2.39779401e-05
    4.79558803e-05 7.19338204e-05 7.19338204e-05 1.43867641e-04
    1.67845574e-04 2.63757334e-04 2.87735282e-04 5.75470563e-04
    4.07624990e-04 1.19889702e-03 9.11161711e-04 2.25392636e-03
    2.54166173e-03 4.05227207e-03 5.65879373e-03 4.72365413e-03
    9.66310967e-03 8.89581535e-03 1.99016910e-02 1.56096388e-02
    2.99004912e-02 3.25140879e-02 2.00935137e-02 2.99724247e-02
    1.92303080e-02 2.77904328e-02 1.77916307e-02 2.53926385e-02
    1.72880944e-02 2.63757333e-02 2.63997130e-02 1.61371529e-02
    2.50809249e-02 1.61131751e-02 2.26831306e-02 1.54897496e-02
    2.24913079e-02 1.47943888e-02 1.93981528e-02 1.86788160e-02
    1.27083082e-02 1.73360500e-02 1.02865361e-02 1.46744996e-02
    8.12852196e-03 1.23726167e-02 1.17731690e-02 7.81680830e-03
    1.13175875e-02 8.46421253e-03 1.19410139e-02 7.14542624e-03
    1.18690804e-02 8.99172761e-03 1.23246610e-02 1.21088596e-02
    7.69691868e-03 1.23246610e-02 8.22443329e-03 1.21568153e-02
    7.98465405e-03 1.27322860e-02 7.69691868e-03 1.22527275e-02
    1.14854332e-02 8.36830121e-03 1.32837789e-02 8.79990403e-03
    1.24445511e-02 9.73504409e-03 1.48183666e-02 1.57295279e-02
    9.97482333e-03 1.72641166e-02 1.11497417e-02 1.82711910e-02
    1.23965954e-02 1.98537353e-02 1.53458817e-02 2.31626909e-02
    2.67114248e-02 2.18918584e-02 3.55832614e-02 3.09075657e-02
    6.22467324e-02 6.31578937e-02 1.47056714e-01 1.</data></hist_v>
</opencv_storage>
