<?xml version="1.0"?>
<opencv_storage>
<hist_h type_id="opencv-matrix">
  <rows>50</rows>
  <cols>1</cols>
  <dt>f</dt>
  <data>
    5.62631525e-02 8.45054835e-02 1.30800754e-01 4.14553106e-01
    4.30944711e-01 6.54779017e-01 1. 7.56119132e-01 7.67748356e-01
    3.50204885e-01 2.84970641e-01 2.64702626e-02 1.88282202e-03
    1.14076864e-02 4.76243207e-03 8.19581375e-03 1.66131346e-03 0.
    6.75600814e-03 0. 4.54092352e-03 0. 0. 8.86033871e-04 1.32905087e-03
    2.74670497e-02 1.37335248e-02 5.64846583e-03 7.05504492e-02
    2.38121599e-02 5.86997457e-02 6.97751641e-02 9.08184703e-03
    1.35230914e-01 3.05238664e-01 7.73064569e-02 3.26724984e-02
    1.21829659e-02 2.18185838e-02 8.74958467e-03 1.17399488e-02
    1.30689992e-02 1.32905087e-03 1.01893898e-02 3.43338121e-03
    2.54734736e-02 1.88282202e-03 1.15184402e-02 1.76099241e-02
    1.37335248e-02</data></hist_h>
<hist_s type_id="opencv-matrix">
  <rows>50</rows>
  <cols>1</cols>
  <dt>f</dt>
  <data>
    2.46433198e-01 7.14137495e-01 1. 4.66407269e-01 4.90012974e-01
    5.90142667e-01 5.23994803e-01 3.53047997e-01 3.69390398e-01
    3.12840462e-01 3.33333343e-01 3.70946825e-01 4.26199734e-01
    4.58884567e-01 4.54474717e-01 4.94682223e-01 5.97146571e-01
    5.10246456e-01 5.64461708e-01 6.12970173e-01 5.84176421e-01
    6.04669273e-01 6.34760022e-01 6.24902725e-01 5.43190658e-01
    4.84306097e-01 2.50324249e-01 1.55642018e-01 9.64980572e-02
    5.88845648e-02 3.29442285e-02 1.97146572e-02 1.16731515e-02
    7.52269756e-03 2.07522698e-03 1.81582361e-03 1.55642023e-03
    7.78210117e-04 5.18806744e-04 5.18806744e-04 7.78210117e-04 0.
    2.59403372e-04 2.59403372e-04 0. 0. 0. 2.59403372e-04 0. 0.</data></hist_s>
<hist_v type_id="opencv-matrix">
  <rows>100</rows>
  <cols>1</cols>
  <dt>f</dt>
  <data>
    0. 0. 0. 0. 0. 6.34920609e-04 0. 1.90476188e-03 1.90476188e-03
    3.17460299e-03 1.39682535e-02 6.34920597e-03 3.93650793e-02
    5.84126972e-02 4.40634906e-01 4.59047586e-01 7.66984105e-01
    6.66666627e-01 3.54285687e-01 4.53968227e-01 2.68571407e-01
    4.55872983e-01 2.88888872e-01 4.60952371e-01 3.11111093e-01
    5.20634890e-01 5.80952346e-01 4.26031739e-01 6.85714245e-01
    4.83174592e-01 7.61269808e-01 5.19999981e-01 7.71428525e-01
    7.72063434e-01 5.62539637e-01 7.47936487e-01 5.51746011e-01
    8.43809485e-01 5.40317416e-01 8.22222173e-01 5.40317416e-01
    8.36825371e-01 8.55872989e-01 5.63174605e-01 8.67301524e-01
    5.39682508e-01 7.98095226e-01 5.03492057e-01 7.35872984e-01
    4.67936486e-01 7.00952351e-01 7.01587260e-01 4.46349174e-01
    6.05714262e-01 3.70158702e-01 5.12380958e-01 2.79365063e-01
    3.85396808e-01 3.34603161e-01 1.97460309e-01 2.59047598e-01
    1.51746020e-01 2.00634912e-01 1.15555547e-01 1.43492058e-01
    9.01587233e-02 1.02857135e-01 1.06666662e-01 6.47618994e-02
    1.14285707e-01 6.79365024e-02 8.44444409e-02 7.11111054e-02
    9.52380896e-02 7.93650746e-02 1.30793646e-01 1.30158722e-01
    1.21269837e-01 1.93650782e-01 1.44761905e-01 2.10793644e-01
    1.66984126e-01 1.91111103e-01 1.77142844e-01 1.07936502e-01
    1.61904752e-01 1.09206341e-01 2.00634912e-01 1.28888890e-01
    1.58095226e-01 1.18730150e-01 2.17142850e-01 2.16507927e-01
    2.13333324e-01 4.03809518e-01 2.95238078e-01 4.84444410e-01
    5.09206355e-01 8.61587286e-01 9.99999940e-01</data></hist_v>
</opencv_storage>
