<?xml version="1.0"?>
<opencv_storage>
<hist_h type_id="opencv-matrix">
  <rows>50</rows>
  <cols>1</cols>
  <dt>f</dt>
  <data>
    5.66707039e-03 6.96487259e-03 8.69527552e-03 4.68939245e-02
    3.16404223e-01 1. 6.27314448e-01 3.28343987e-01 2.36416325e-01
    1.82990134e-01 1.38994634e-01 1.75289840e-01 7.09897876e-02
    4.13133763e-02 2.49610655e-02 3.55597846e-02 8.08963459e-03
    5.79685066e-03 2.79460102e-02 1.03391586e-02 1.83422733e-02
    5.93528263e-02 5.75791635e-02 8.86831582e-02 3.14933360e-02
    3.95829715e-02 6.73126802e-02 2.46582441e-02 8.65201559e-03
    1.32808443e-02 1.49679873e-02 7.05139292e-03 2.42256443e-03
    1.47084263e-03 1.51410268e-03 1.16802205e-03 3.89340712e-04
    1.73040316e-04 3.46080662e-04 3.46080662e-04 6.48901216e-04
    2.16300396e-04 0. 6.48901216e-04 1.29780237e-04 1.47084263e-03
    1.08150195e-03 3.59058660e-03 9.21439659e-03 6.70531252e-03</data></hist_h>
<hist_s type_id="opencv-matrix">
  <rows>50</rows>
  <cols>1</cols>
  <dt>f</dt>
  <data>
    4.35463013e-03 1.93917118e-02 9.62781534e-02 2.41001561e-01
    7.79274642e-01 1. 9.31754768e-01 5.02687633e-01 4.02122885e-01
    3.02510709e-01 2.78288096e-01 2.54473686e-01 2.05075860e-01
    1.63979039e-01 1.44927531e-01 1.32544056e-01 1.24651290e-01
    8.27379748e-02 6.79050162e-02 5.21875210e-02 4.15731110e-02
    2.68762335e-02 1.96638759e-02 1.30638909e-02 1.08865751e-02
    6.32782187e-03 6.19173981e-03 5.78349316e-03 4.83091781e-03
    4.62679472e-03 3.40205478e-03 2.58556171e-03 2.92576710e-03
    1.97319174e-03 1.15669868e-03 6.80410943e-04 4.76287678e-04
    4.76287678e-04 1.36082192e-04 6.80410958e-05 6.80410958e-05 0. 0. 0.
    6.80410958e-05 0. 0. 0. 0. 0.</data></hist_s>
<hist_v type_id="opencv-matrix">
  <rows>100</rows>
  <cols>1</cols>
  <dt>f</dt>
  <data>
    0. 0. 0. 0. 0. 0. 0. 3.31785006e-04 0. 3.31785006e-04 0. 0. 0. 0.
    6.63570012e-04 9.95354960e-04 1.99070992e-03 7.63105508e-03
    6.30391529e-03 1.69210359e-02 3.11877914e-02 9.15726647e-02
    9.09090936e-02 1.91771731e-01 1.67219639e-01 2.63437301e-01
    3.09555411e-01 2.01393500e-01 2.79362977e-01 1.90112814e-01
    2.66755134e-01 1.72528207e-01 2.62110144e-01 2.63105512e-01
    1.90112814e-01 2.55806237e-01 1.78168550e-01 2.89648324e-01
    2.07033843e-01 2.88652956e-01 1.93098873e-01 3.13868612e-01
    3.10882539e-01 2.00729921e-01 3.21167886e-01 2.14996681e-01
    3.13868612e-01 2.11015269e-01 3.34439278e-01 2.16655612e-01
    3.25812876e-01 3.29794288e-01 2.14996681e-01 3.25149298e-01
    2.08360985e-01 3.22826803e-01 2.22627744e-01 3.29462498e-01
    3.32116783e-01 2.37558067e-01 3.27471793e-01 2.42534846e-01
    3.66954207e-01 2.59124100e-01 4.34638351e-01 2.92634368e-01
    4.62176502e-01 5.12607813e-01 3.39084268e-01 5.14930308e-01
    3.90842736e-01 5.99867284e-01 4.14067686e-01 6.53948247e-01
    4.26011950e-01 6.78500354e-01 7.14996696e-01 5.17916381e-01
    7.77372241e-01 4.94027883e-01 7.86994040e-01 5.41141331e-01
    8.28135371e-01 8.43729258e-01 5.85932314e-01 8.70603859e-01
    7.26277351e-01 1. 5.73656261e-01 8.75912428e-01 6.21101558e-01
    8.10218990e-01 5.07962823e-01 9.32315886e-02 6.90112785e-02
    2.91970801e-02 3.21831442e-02 1.29396152e-02 1.06171202e-02
    2.12342404e-02</data></hist_v>
</opencv_storage>
