<?xml version="1.0"?>
<opencv_storage>
<hist_h type_id="opencv-matrix">
  <rows>50</rows>
  <cols>1</cols>
  <dt>f</dt>
  <data>
    5.75630248e-01 1.00000012e+00 4.94397789e-01 1.75910369e-01
    5.71428612e-02 2.23529428e-01 7.11484626e-02 2.68907584e-02
    6.16246536e-02 7.22689107e-02 2.54901983e-02 3.64145730e-03
    9.31322575e-10 3.75350155e-02 5.35014048e-02 1.10084042e-01
    1.28011212e-01 9.49579924e-02 1.49019614e-01 1.25770316e-01
    3.07282925e-01 2.20168084e-01 2.71988809e-01 3.03921580e-01
    1.98319331e-01 3.32212895e-01 2.50140071e-01 1.75350145e-01
    3.49859953e-01 1.24369755e-01 2.78711498e-01 1.50700286e-01
    5.93837574e-02 1.44537821e-01 1.07843146e-01 3.89355756e-02
    7.61904791e-02 7.56302569e-03 2.88515426e-02 1.65266134e-02
    4.00560275e-02 4.14565876e-02 3.92156933e-03 5.82633093e-02
    7.25490227e-02 2.30812341e-01 2.15686291e-01 1.88515410e-01
    2.28571445e-01 2.93277323e-01</data></hist_h>
<hist_s type_id="opencv-matrix">
  <rows>50</rows>
  <cols>1</cols>
  <dt>f</dt>
  <data>
    2.16675505e-01 8.42272937e-01 6.26659572e-01 7.24907041e-01
    5.57089746e-01 5.15135407e-01 5.34784913e-01 5.82580984e-01
    6.20817840e-01 5.45406222e-01 6.02230489e-01 6.88794434e-01
    7.95539021e-01 8.00849676e-01 7.79606998e-01 8.10939968e-01 1.
    8.50769997e-01 7.29686677e-01 6.48433328e-01 5.62931478e-01
    4.81147081e-01 3.81837487e-01 3.02177370e-01 2.88900673e-01
    2.59691983e-01 2.32076466e-01 2.07116291e-01 2.04460964e-01
    1.81093991e-01 1.46043539e-01 1.13117360e-01 7.75358453e-02
    5.94795533e-02 3.45193818e-02 1.75252259e-02 2.01805625e-02
    1.22145507e-02 6.90387655e-03 6.37280941e-03 4.24853945e-03
    5.84174180e-03 2.12426973e-03 2.12426973e-03 2.12426973e-03
    1.06213486e-03 0. 1.06213486e-03 5.31067431e-04 7.43494416e-03</data></hist_s>
<hist_v type_id="opencv-matrix">
  <rows>100</rows>
  <cols>1</cols>
  <dt>f</dt>
  <data>
    0. 0. 8.04505253e-04 4.02252609e-03 4.82703140e-03 2.49396637e-02
    5.71198724e-02 1.23089306e-01 1.67337090e-01 1.31134361e-01
    2.70313770e-01 1.95494771e-01 3.48350763e-01 2.51005650e-01
    3.90185058e-01 2.86403865e-01 4.91552711e-01 5.63958168e-01
    4.15929228e-01 6.64521337e-01 3.93403083e-01 6.54867291e-01
    4.59372491e-01 7.12791681e-01 5.28559923e-01 7.81174600e-01
    7.32099771e-01 4.31214809e-01 6.62107825e-01 4.19147223e-01
    6.52453780e-01 4.69831079e-01 6.16251051e-01 5.63958168e-01
    3.54786813e-01 5.02815783e-01 3.00080448e-01 4.59372491e-01
    2.86403865e-01 3.78117472e-01 2.38133550e-01 3.26629132e-01
    3.14561546e-01 1.96299285e-01 2.49396622e-01 1.48833469e-01
    2.34111026e-01 1.44006446e-01 1.80209175e-01 1.02976672e-01
    1.57683030e-01 1.60096541e-01 9.65406299e-02 1.65728077e-01
    1.07803702e-01 1.70555115e-01 1.01367660e-01 1.47224456e-01
    1.55269518e-01 1.06999196e-01 1.34352371e-01 1.01367660e-01
    1.38374910e-01 8.93000811e-02 1.49637982e-01 8.60820636e-02
    1.85840711e-01 1.65728077e-01 1.14239745e-01 1.75382152e-01
    1.56074017e-01 1.95494771e-01 1.45615444e-01 2.22847953e-01
    1.65728077e-01 2.46178612e-01 2.59050697e-01 1.64923579e-01
    2.35720038e-01 1.48028970e-01 2.30893001e-01 1.56878531e-01
    1.97103783e-01 1.76991150e-01 1.32743374e-01 2.26870477e-01
    1.13435239e-01 1.92276761e-01 1.07803702e-01 1.62510067e-01
    1.09412715e-01 1.87449723e-01 1.59292042e-01 1.02172166e-01
    1.58487529e-01 1.20675787e-01 1.74577639e-01 1.70555115e-01
    4.82703149e-01 1.</data></hist_v>
</opencv_storage>
