<?xml version="1.0"?>
<opencv_storage>
<hist_h type_id="opencv-matrix">
  <rows>50</rows>
  <cols>1</cols>
  <dt>f</dt>
  <data>
    1.89144343e-01 1.49798527e-01 3.63040209e-01 6.09860182e-01
    4.42205906e-01 1.00000012e+00 9.53543544e-01 3.07734847e-01
    2.48874158e-01 1.15509212e-01 7.11859092e-02 4.79576513e-02
    3.04179527e-02 1.39843561e-02 5.84656745e-03 3.79236788e-03
    2.13320693e-03 7.90077029e-05 3.55534488e-03 0. 3.08129890e-03
    1.26412278e-03 1.73816876e-03 1.97519176e-03 1.58015336e-03
    4.42442950e-03 9.16489027e-03 1.49324480e-02 5.59374280e-02
    3.08129890e-03 5.76755963e-03 2.16480996e-02 8.76985118e-03
    2.02259626e-02 2.39393227e-02 1.03500038e-02 1.74606945e-02
    3.95038351e-03 1.27202347e-02 6.16259780e-03 1.02709960e-02
    7.74275092e-03 5.29351365e-03 2.37813070e-02 1.43793952e-02
    2.64675673e-02 1.79347396e-02 2.60725301e-02 4.30591777e-02
    7.48992711e-02</data></hist_h>
<hist_s type_id="opencv-matrix">
  <rows>50</rows>
  <cols>1</cols>
  <dt>f</dt>
  <data>
    3.93247642e-02 6.27277941e-02 1.01285242e-01 1.18933439e-01
    1.53462499e-01 1.64013043e-01 2.04105124e-01 2.51486659e-01
    3.39727610e-01 3.08651447e-01 3.81354302e-01 5.31363904e-01
    8.74160767e-01 1. 9.55304027e-01 8.30423951e-01 8.27930152e-01
    6.16919219e-01 5.51697671e-01 5.26376367e-01 4.47343171e-01
    3.81546140e-01 3.33780915e-01 2.77958930e-01 2.39209667e-01
    2.55323231e-01 1.72645301e-01 1.45981193e-01 1.17590636e-01
    1.05313636e-01 7.71149024e-02 7.05927461e-02 5.52464984e-02
    5.75484373e-02 3.91329378e-02 3.83656248e-02 3.08843274e-02
    2.39785146e-02 2.07174364e-02 2.43621711e-02 1.57299060e-02
    1.70727018e-02 1.05505455e-02 1.15096867e-02 9.20774974e-03
    1.07423738e-02 6.52215583e-03 2.49376567e-03 0. 1.99501246e-01</data></hist_s>
<hist_v type_id="opencv-matrix">
  <rows>100</rows>
  <cols>1</cols>
  <dt>f</dt>
  <data>
    1.86264515e-09 2.60145720e-02 3.48595232e-02 5.93132228e-02
    6.03538081e-02 1.12903230e-01 8.58480856e-02 1.40478671e-01
    1.56607702e-01 1.07180037e-01 2.02913642e-01 1.26430809e-01
    2.32049942e-01 1.45161301e-01 2.25806460e-01 1.68574408e-01
    2.68470347e-01 2.58064538e-01 1.61290333e-01 2.54422486e-01
    1.95629552e-01 3.12174827e-01 2.07596257e-01 2.85639971e-01
    2.09157139e-01 3.14776272e-01 3.41311157e-01 2.12799177e-01
    3.34547371e-01 2.32049942e-01 3.56399596e-01 2.35691994e-01
    3.54838729e-01 3.87617081e-01 2.45057255e-01 3.52757543e-01
    2.61186272e-01 3.84495318e-01 2.54422486e-01 3.98022920e-01
    2.36212283e-01 3.95941734e-01 3.83975029e-01 2.64308035e-01
    3.81373584e-01 2.77835608e-01 3.76170665e-01 2.41415203e-01
    4.03225809e-01 2.47658700e-01 3.54318440e-01 3.65244538e-01
    2.56503642e-01 3.96982312e-01 2.74193555e-01 4.01664943e-01
    2.93444335e-01 4.23517197e-01 4.68262255e-01 3.27783585e-01
    5.21852314e-01 3.92299712e-01 6.49323702e-01 4.69823122e-01
    8.12174857e-01 5.50468326e-01 8.81373644e-01 8.79812777e-01
    5.20291388e-01 7.74713933e-01 4.16233093e-01 5.25494337e-01
    3.22580665e-01 4.66181070e-01 2.91883469e-01 4.22476590e-01
    4.11550492e-01 2.45057255e-01 3.91259134e-01 2.58064538e-01
    3.35587949e-01 2.45057255e-01 3.67846012e-01 3.34547371e-01
    2.16441214e-01 3.44953179e-01 1.83662862e-01 3.40790868e-01
    1.93028107e-01 2.97086388e-01 1.92507803e-01 2.80437052e-01
    2.86680549e-01 1.87825188e-01 2.80957341e-01 1.88865766e-01
    2.95005202e-01 1.94588974e-01 2.96045810e-01 1.00000012e+00</data></hist_v>
</opencv_storage>
