<?xml version="1.0"?>
<opencv_storage>
<hist_h type_id="opencv-matrix">
  <rows>50</rows>
  <cols>1</cols>
  <dt>f</dt>
  <data>
    1.41399410e-02 4.22740495e-03 3.06122424e-03 1.21574342e-01
    2.71282792e-01 1.85714275e-01 1.62682205e-01 9.21282768e-02
    1.68513119e-01 1.65014565e-01 1.69387743e-01 3.06705534e-01
    1.29446059e-01 3.12682211e-01 5.46355665e-01 9.99999940e-01
    2.52332360e-01 8.01749229e-02 1.00145765e-01 1.76384840e-02
    1.90962087e-02 2.33236142e-03 1.64723024e-02 1.88046638e-02
    8.16326495e-03 1.63265299e-02 9.91253555e-03 5.83090354e-04
    3.20699695e-03 0. 8.74635531e-04 0. 0. 7.28862942e-04 0. 0.
    2.91545177e-04 0. 2.33236142e-03 2.91545177e-04 0. 0. 0.
    1.02040812e-03 0. 6.85131177e-03 0. 5.83090354e-04 1.74927106e-03
    8.74635531e-04</data></hist_h>
<hist_s type_id="opencv-matrix">
  <rows>50</rows>
  <cols>1</cols>
  <dt>f</dt>
  <data>
    1.66583300e-01 3.75687838e-01 3.21160585e-01 3.72186095e-01
    2.94147074e-01 3.09654832e-01 3.58179092e-01 4.26713347e-01
    6.06803417e-01 6.12806439e-01 6.24312162e-01 7.80390203e-01
    7.51375675e-01 8.94947469e-01 8.17408741e-01 9.60980535e-01
    1.00000012e+00 8.23411703e-01 6.72836423e-01 6.22811437e-01
    4.61230636e-01 3.99199605e-01 3.27663839e-01 2.54627317e-01
    1.82091057e-01 2.09104568e-01 1.03051528e-01 1.01050526e-01
    6.30315170e-02 5.15257642e-02 5.50275184e-02 4.25212644e-02
    3.35167609e-02 3.90195139e-02 2.15107575e-02 2.35117562e-02
    1.60080045e-02 1.60080045e-02 1.30065037e-02 8.50425195e-03
    7.50375260e-03 8.00400227e-03 3.50175099e-03 1.05052525e-02
    2.50125071e-03 6.00300170e-03 5.00250142e-04 1.50075043e-03 0.
    5.65282665e-02</data></hist_s>
<hist_v type_id="opencv-matrix">
  <rows>100</rows>
  <cols>1</cols>
  <dt>f</dt>
  <data>
    4.65661287e-10 1.35033764e-02 1.57539379e-02 6.67666942e-02
    1.20030016e-01 2.82820702e-01 3.09827447e-01 6.57914460e-01
    8.84471118e-01 6.58664644e-01 9.99999940e-01 5.51387846e-01
    7.13428319e-01 3.93098265e-01 5.01875460e-01 2.66316593e-01
    3.63840967e-01 3.22580636e-01 1.98049515e-01 2.72318095e-01
    1.63540885e-01 2.28807211e-01 1.54538631e-01 2.07801953e-01
    1.16279073e-01 1.51537880e-01 1.29782453e-01 9.07726958e-02
    9.52738225e-02 6.00150079e-02 1.01275325e-01 6.37659431e-02
    9.37734470e-02 8.02700669e-02 5.70142567e-02 1.06526636e-01
    6.07651919e-02 1.10277571e-01 6.75168782e-02 1.16279073e-01
    8.10202584e-02 1.13278322e-01 1.26781702e-01 9.07726958e-02
    1.36534140e-01 1.25281319e-01 1.76294073e-01 1.07276820e-01
    1.94298580e-01 1.37284324e-01 2.24306077e-01 2.47561902e-01
    2.02550635e-01 3.42085510e-01 2.19054773e-01 3.91597897e-01
    2.88072020e-01 4.92873222e-01 4.73368347e-01 3.53338331e-01
    5.12378097e-01 3.64591151e-01 5.27381837e-01 3.17329347e-01
    4.86121535e-01 3.15078765e-01 4.26106542e-01 3.75843972e-01
    2.24306077e-01 2.92573154e-01 1.98799700e-01 2.39309832e-01
    1.46286577e-01 2.11552888e-01 1.24531135e-01 1.75543889e-01
    1.55288830e-01 8.77719447e-02 1.42535642e-01 8.92723203e-02
    1.44786194e-01 8.47711936e-02 1.31282821e-01 1.02025509e-01
    7.65191317e-02 9.52738225e-02 5.85146323e-02 8.25206339e-02
    4.57614437e-02 6.90172538e-02 3.15078795e-02 5.17629422e-02
    3.90097536e-02 2.17554383e-02 3.82595658e-02 1.35033764e-02
    2.40060017e-02 2.02550646e-02 2.55063754e-02 6.90172538e-02</data></hist_v>
</opencv_storage>
