<?xml version="1.0"?>
<opencv_storage>
<hist_h type_id="opencv-matrix">
  <rows>50</rows>
  <cols>1</cols>
  <dt>f</dt>
  <data>
    3.04921359e-01 4.57184732e-01 5.99357307e-01 1. 3.53289366e-01
    2.40430683e-01 1.30447045e-01 5.58092333e-02 3.02722808e-02
    2.55933255e-02 6.37014490e-03 9.35791153e-03 4.28434508e-03
    4.05885326e-03 2.53678323e-03 3.26963188e-03 2.81864835e-04
    1.12745925e-04 3.15688597e-03 6.76475582e-04 6.20102626e-04
    1.12745925e-04 1.12745925e-04 0. 5.63729700e-05 2.25491865e-04
    1.57844299e-03 1.69118881e-04 2.70590233e-03 2.19854550e-03
    7.77946878e-03 1.67991426e-02 7.83584174e-03 1.44314785e-02
    1.71937533e-02 1.46569703e-02 2.00687740e-02 6.70838263e-03
    3.24144550e-02 1.24020521e-02 3.64733078e-02 1.42623596e-02
    1.02598788e-02 2.79046167e-02 2.42403746e-02 3.21889631e-02
    3.64169329e-02 5.01719378e-02 9.63413864e-02 1.26444563e-01</data></hist_h>
<hist_s type_id="opencv-matrix">
  <rows>50</rows>
  <cols>1</cols>
  <dt>f</dt>
  <data>
    9.31322575e-10 3.36950347e-02 6.02512918e-02 1.51342109e-01
    1.95316970e-01 2.44431779e-01 2.86407769e-01 2.62421489e-01
    2.93832093e-01 2.78697878e-01 2.95545399e-01 3.64934325e-01
    3.44945759e-01 3.88635069e-01 3.35808128e-01 4.24043417e-01
    5.66247880e-01 5.38549423e-01 6.37635708e-01 7.03312457e-01
    6.59337580e-01 6.85037196e-01 6.96459234e-01 7.54140556e-01
    7.50713944e-01 1. 7.76413560e-01 7.25870967e-01 6.79611683e-01
    6.02798462e-01 5.64249039e-01 4.64591682e-01 4.46316391e-01
    5.03141105e-01 3.52655619e-01 3.27527136e-01 3.14106226e-01
    2.66419202e-01 2.40434051e-01 2.06739023e-01 1.76185057e-01
    2.03883514e-01 1.35065690e-01 1.19074814e-01 1.08223878e-01
    8.25242773e-02 7.13877827e-02 6.02512918e-02 6.08223937e-02
    6.18218184e-01</data></hist_s>
<hist_v type_id="opencv-matrix">
  <rows>100</rows>
  <cols>1</cols>
  <dt>f</dt>
  <data>
    0. 7.97872338e-03 9.57446825e-03 3.98936160e-02 2.07446814e-02
    5.26595749e-02 6.80851042e-02 2.06914887e-01 4.04787242e-01
    2.86170214e-01 4.19680864e-01 2.71276593e-01 3.70212764e-01
    2.13829771e-01 4.15425539e-01 3.04787248e-01 5.11702120e-01
    5.78191459e-01 4.20744687e-01 6.68617010e-01 4.87234026e-01
    7.98404217e-01 5.71276605e-01 9.09042537e-01 6.32446826e-01
    9.62765932e-01 9.53723371e-01 6.83510602e-01 1. 6.14361703e-01
    9.18085098e-01 5.94680846e-01 8.38829756e-01 7.54255295e-01
    4.94148940e-01 7.34574437e-01 4.40425515e-01 6.16489351e-01
    3.84574473e-01 5.54255307e-01 3.34042549e-01 4.82446820e-01
    4.25531924e-01 2.82978714e-01 3.75000000e-01 2.61702120e-01
    3.78191501e-01 2.62765974e-01 3.38829786e-01 2.27659568e-01
    3.30319136e-01 3.19148928e-01 2.16489345e-01 3.15425545e-01
    2.23936155e-01 3.10638309e-01 2.27659568e-01 3.15425545e-01
    3.17553192e-01 2.01595739e-01 3.28191489e-01 2.04787225e-01
    3.02127659e-01 2.06914887e-01 3.22872341e-01 2.03191474e-01
    2.96808511e-01 3.20212781e-01 2.05851048e-01 3.02659571e-01
    2.17553183e-01 3.11702132e-01 1.98936164e-01 3.31382990e-01
    2.16489345e-01 3.49468082e-01 3.27127665e-01 2.30319142e-01
    3.30319136e-01 2.55851060e-01 3.76063824e-01 2.62765974e-01
    4.10638303e-01 4.34042543e-01 3.03723395e-01 4.46808517e-01
    2.83510655e-01 4.33510631e-01 2.63297886e-01 4.01063830e-01
    2.42553174e-01 3.20212781e-01 2.44148925e-01 1.55319139e-01
    1.90425530e-01 1.02127656e-01 1.22340418e-01 5.79787232e-02
    6.38297796e-02 1.73936158e-01</data></hist_v>
</opencv_storage>
