<?xml version="1.0"?>
<opencv_storage>
<hist_h type_id="opencv-matrix">
  <rows>50</rows>
  <cols>1</cols>
  <dt>f</dt>
  <data>
    2.95554958e-02 7.00965673e-02 1.62985265e-01 1. 6.45881414e-01
    4.11392182e-01 3.25696886e-01 3.66707072e-02 9.57817025e-03
    2.89299828e-03 3.20575479e-03 1.75925577e-03 3.12756572e-04
    2.03291769e-03 1.17283715e-04 2.34567429e-04 1.56378286e-04 0.
    1.52468833e-03 0. 2.22839066e-03 0. 3.90945715e-05 3.51851137e-04 0.
    0. 1.17283715e-04 0. 0. 0. 8.20985995e-04 4.30040294e-04 0.
    1.68106658e-03 0. 2.73662008e-04 0. 0. 3.12756572e-04 0. 0. 0.
    1.17283715e-04 3.12756572e-04 3.51851137e-04 2.38476880e-03
    1.25102629e-03 3.63579509e-03 1.16501823e-02 1.43868020e-02</data></hist_h>
<hist_s type_id="opencv-matrix">
  <rows>50</rows>
  <cols>1</cols>
  <dt>f</dt>
  <data>
    1.07804080e-02 2.10921001e-03 1.21865477e-02 2.90602278e-02
    5.60112484e-02 7.66346380e-02 1.08038433e-01 1.57253340e-01
    3.05366784e-01 3.81298333e-01 6.96508050e-01 8.44152749e-01
    7.19475031e-01 7.55800307e-01 8.16967428e-01 7.72908330e-01 1.
    9.14225399e-01 8.38293850e-01 6.88071191e-01 6.32997394e-01
    5.75580001e-01 5.82376361e-01 4.70588237e-01 4.57229912e-01
    4.72697467e-01 4.04968381e-01 4.12936509e-01 4.37778294e-01
    4.25826102e-01 3.80595267e-01 3.09350848e-01 2.77712703e-01
    2.88727462e-01 2.44434029e-01 2.66229212e-01 1.85376137e-01
    1.47410348e-01 9.77267399e-02 5.36676832e-02 4.12467793e-02
    3.16381529e-02 1.35926884e-02 6.09327387e-03 4.68713371e-03
    4.21842048e-03 1.87485351e-03 0. 4.68713377e-04 1.52331842e-02</data></hist_s>
<hist_v type_id="opencv-matrix">
  <rows>100</rows>
  <cols>1</cols>
  <dt>f</dt>
  <data>
    1.52021891e-03 1.24657955e-02 2.37154160e-02 5.74642755e-02
    3.80054750e-02 6.14168458e-02 2.67558526e-02 4.65186983e-02
    4.83429618e-02 3.55731249e-02 6.93219826e-02 4.86470051e-02
    9.79020968e-02 8.17877799e-02 1.67832166e-01 1.69656441e-01
    2.70903021e-01 2.87625432e-01 2.17391312e-01 4.05290365e-01
    3.08908492e-01 5.13225913e-01 4.02858019e-01 6.50957763e-01
    3.73973846e-01 5.71602345e-01 7.30009139e-01 5.76162994e-01
    7.83216774e-01 4.57585901e-01 7.19063580e-01 6.23289764e-01 1.
    9.30373967e-01 6.02310717e-01 8.48586202e-01 5.99878371e-01
    6.48221374e-01 3.45393747e-01 5.29948294e-01 3.38704765e-01
    4.76740658e-01 4.45728183e-01 2.62085736e-01 3.81574959e-01
    2.00060815e-01 2.67558545e-01 1.64183646e-01 2.17695355e-01
    1.58406809e-01 2.01581031e-01 2.11614475e-01 1.34995446e-01
    1.83338404e-01 1.06111281e-01 1.59622982e-01 1.05199151e-01
    1.47461236e-01 1.21921562e-01 8.66524801e-02 1.20705381e-01
    8.20918232e-02 1.11888111e-01 7.32745528e-02 9.88142341e-02
    7.29705095e-02 9.79020968e-02 9.91182774e-02 5.50319254e-02
    8.33079964e-02 6.81058094e-02 8.23958665e-02 6.53694123e-02
    9.63818803e-02 7.29705095e-02 9.57737938e-02 1.03070848e-01
    7.57069066e-02 1.19793251e-01 8.45241696e-02 1.27698392e-01
    7.75311664e-02 1.32867143e-01 1.18273035e-01 6.90179393e-02
    1.09759808e-01 5.38157523e-02 6.08087592e-02 2.40194593e-02
    2.15871092e-02 7.60109490e-03 9.42535698e-03 5.16874436e-03
    4.56065685e-03 3.34448158e-03 6.08087576e-04 1.52021891e-03
    6.08087576e-04 1.52021891e-03 0.</data></hist_v>
</opencv_storage>
