<?xml version="1.0"?>
<opencv_storage>
<hist_h type_id="opencv-matrix">
  <rows>50</rows>
  <cols>1</cols>
  <dt>f</dt>
  <data>
    2.11427331e-01 2.72103429e-01 6.81667149e-01 1. 2.85322160e-01
    2.74559349e-01 1.85856685e-01 8.14793408e-02 2.13377640e-01
    2.26162955e-01 9.51314643e-02 1.35437742e-01 2.25368403e-02
    7.06443265e-02 5.26581928e-02 9.66483653e-02 3.19271907e-02
    1.45189259e-02 7.75065050e-02 7.33891949e-02 1.32042766e-01
    3.76336314e-02 1.34859875e-01 6.61658496e-02 7.63507634e-02
    1.19763076e-01 1.22146785e-01 9.71540064e-02 2.71597803e-01
    2.74414897e-01 3.33357394e-01 1.70182034e-01 6.71048835e-02
    6.00982383e-02 9.70817730e-02 4.74573821e-02 4.70239818e-02
    1.21352207e-02 4.83964151e-03 8.59578140e-03 7.00664567e-03
    6.06761081e-03 0. 9.60705057e-03 6.93441229e-03 5.30915931e-02
    8.09014775e-03 2.45593749e-02 1.81305986e-02 1.36521235e-02</data></hist_h>
<hist_s type_id="opencv-matrix">
  <rows>50</rows>
  <cols>1</cols>
  <dt>f</dt>
  <data>
    7.92395532e-01 7.27916718e-01 7.99624085e-01 8.74367476e-01 1.
    7.82420099e-01 6.93653286e-01 6.06043041e-01 6.26572192e-01
    4.76218015e-01 4.93855715e-01 4.97036278e-01 4.87783700e-01
    4.74772274e-01 5.78574538e-01 6.07922494e-01 7.01315582e-01
    5.32889962e-01 4.56122577e-01 3.37429523e-01 2.50108421e-01
    1.77244470e-01 1.33583918e-01 1.03946798e-01 8.58753771e-02
    9.36822295e-02 5.26239686e-02 4.01908346e-02 3.31068374e-02
    2.67456975e-02 1.53245619e-02 1.17102787e-02 6.50571054e-03
    3.61428363e-03 1.44571345e-03 7.22856726e-04 4.33714013e-04
    1.44571342e-04 0. 0. 0. 0. 0. 0. 0. 0. 0. 0. 0. 0.</data></hist_s>
<hist_v type_id="opencv-matrix">
  <rows>100</rows>
  <cols>1</cols>
  <dt>f</dt>
  <data>
    0. 0. 0. 0. 0. 0. 0. 0. 0. 0. 0. 0. 0. 0. 0. 3.42817977e-04
    2.74254382e-03 4.11381572e-03 9.25608538e-03 2.91395281e-02
    5.86218759e-02 2.39972591e-01 3.61672968e-01 9.49605823e-01
    7.88138509e-01 9.93486524e-01 7.75454283e-01 4.49091554e-01
    6.23243093e-01 3.64758313e-01 5.42338014e-01 3.34247530e-01
    5.11141598e-01 4.99485791e-01 3.16421002e-01 4.97771710e-01
    3.36990058e-01 5.04970908e-01 3.46588969e-01 5.14569759e-01
    3.48303080e-01 5.48165917e-01 5.65306842e-01 3.96640390e-01
    5.49194396e-01 3.85670215e-01 6.42440915e-01 4.50462818e-01
    7.11347282e-01 4.96743262e-01 7.70654798e-01 7.76825547e-01
    5.02228320e-01 7.63112843e-01 4.97771710e-01 6.63352787e-01
    4.52176899e-01 5.51594138e-01 5.46109021e-01 3.42475146e-01
    5.16626716e-01 3.35618794e-01 4.85430241e-01 3.24648619e-01
    4.68632162e-01 3.12649995e-01 4.72060353e-01 4.86801535e-01
    3.03393900e-01 4.46691811e-01 2.85910189e-01 4.23723012e-01
    2.69112110e-01 3.70929062e-01 2.44086400e-01 3.39732617e-01
    3.33219081e-01 2.11861506e-01 3.18820715e-01 2.00548515e-01
    3.12649995e-01 1.99520066e-01 2.63627023e-01 2.64655471e-01
    1.52554005e-01 2.15289682e-01 1.36441559e-01 1.75522804e-01
    1.03188209e-01 1.46040455e-01 8.53616744e-02 1.16215296e-01
    1.10044569e-01 6.51354194e-02 9.46177617e-02 8.63901302e-02
    1.37812823e-01 1.16900928e-01 2.63969839e-01 1.</data></hist_v>
</opencv_storage>
