<?xml version="1.0"?>
<opencv_storage>
<hist_h type_id="opencv-matrix">
  <rows>50</rows>
  <cols>1</cols>
  <dt>f</dt>
  <data>
    2.11661279e-01 1.50875345e-01 4.45112348e-01 8.68960857e-01
    1.80479378e-01 1.43737316e-01 1.45089790e-01 1.48846641e-01
    1.54031098e-01 2.09857985e-01 3.59681427e-01 1. 9.17875171e-01
    3.79592776e-01 3.32106091e-02 1.83334593e-02 1.72815397e-02
    1.57787965e-03 4.43309080e-03 1.57787965e-03 7.73912389e-03 0.
    2.70493655e-03 4.50822711e-03 6.01097010e-04 2.17897655e-03
    7.96453469e-03 1.20219402e-03 2.69742273e-02 2.62979954e-03
    3.45630795e-02 2.79510114e-02 1.25479000e-02 2.93034799e-02
    2.35179197e-02 2.67488174e-02 2.09632572e-02 6.23638183e-03
    1.59290712e-02 6.31151814e-03 2.96791643e-02 4.73363884e-03
    1.57787965e-03 1.28484480e-02 5.78555837e-03 1.48020135e-02
    5.33473585e-03 1.72815397e-02 3.37365679e-02 2.95288898e-02</data></hist_h>
<hist_s type_id="opencv-matrix">
  <rows>50</rows>
  <cols>1</cols>
  <dt>f</dt>
  <data>
    4.73298073e-01 3.92253876e-01 4.05050308e-01 3.35096389e-01
    3.30148429e-01 3.94813150e-01 4.83535230e-01 6.33680224e-01
    8.64016354e-01 8.14536691e-01 8.71864796e-01 8.96434009e-01
    9.76966321e-01 9.99999940e-01 9.93004560e-01 8.72547269e-01
    7.81948447e-01 4.50776309e-01 3.28271627e-01 2.36819655e-01
    1.52363077e-01 1.17044874e-01 9.04282555e-02 5.63043840e-02
    3.94130684e-02 3.24176773e-02 2.03037020e-02 1.48438830e-02
    1.02371611e-02 9.55468323e-03 5.80105791e-03 4.60672239e-03
    4.60672239e-03 4.43610316e-03 3.58300610e-03 3.92424501e-03
    1.02371606e-03 3.07114841e-03 1.70619343e-04 1.02371606e-03 0.
    1.19433540e-03 1.19433540e-03 1.02371606e-03 6.82477374e-04
    1.02371606e-03 8.53096717e-04 3.41238687e-04 0. 8.08735713e-02</data></hist_s>
<hist_v type_id="opencv-matrix">
  <rows>100</rows>
  <cols>1</cols>
  <dt>f</dt>
  <data>
    5.49453795e-01 6.05255440e-02 2.03720108e-02 2.09625047e-02
    8.56214948e-03 1.03336293e-02 5.60968462e-03 3.83820501e-03
    7.08591659e-03 1.77147938e-03 3.24771204e-03 2.32830644e-10
    5.01919165e-03 4.72394470e-03 7.97165651e-03 4.42869868e-03
    1.00383824e-02 1.15146153e-02 1.44670811e-02 2.09625047e-02
    1.88957788e-02 3.27723697e-02 2.48007104e-02 3.69058214e-02
    2.74579283e-02 5.01919128e-02 5.60968444e-02 5.31443805e-02
    7.32211471e-02 5.37348725e-02 8.23737904e-02 5.99350519e-02
    8.94597024e-02 1.02450550e-01 6.31827638e-02 1.04517281e-01
    7.23354071e-02 1.20755836e-01 9.74313617e-02 1.43489808e-01
    1.05107769e-01 1.87186301e-01 1.95748448e-01 1.31089464e-01
    2.41806909e-01 1.60023615e-01 2.81369954e-01 2.25568354e-01
    3.72896373e-01 2.73398280e-01 4.35783893e-01 5.19338667e-01
    3.93268377e-01 6.69914424e-01 4.91585493e-01 7.76793659e-01
    5.78978479e-01 8.93711269e-01 9.56008315e-01 6.82905257e-01
    9.97342825e-01 6.64895236e-01 1. 6.28875136e-01 9.04044926e-01
    5.85769117e-01 8.11632752e-01 7.42545068e-01 4.40212578e-01
    6.27989411e-01 3.77915561e-01 5.28491318e-01 3.16504300e-01
    4.24564511e-01 2.50073820e-01 3.39238286e-01 3.00265729e-01
    1.80986121e-01 2.51550049e-01 1.47328019e-01 1.99586660e-01
    1.24003552e-01 1.69471517e-01 1.51461467e-01 7.94213191e-02
    1.18098617e-01 7.02686757e-02 9.38884020e-02 4.84204367e-02
    8.03070590e-02 3.63153256e-02 5.43253645e-02 3.98582853e-02
    1.97815187e-02 3.12961340e-02 1.86005328e-02 2.18482446e-02
    1.18098613e-02 1.38765872e-02 3.60200815e-02</data></hist_v>
</opencv_storage>
