<?xml version="1.0"?>
<opencv_storage>
<hist_h type_id="opencv-matrix">
  <rows>50</rows>
  <cols>1</cols>
  <dt>f</dt>
  <data>
    2.85727322e-01 2.61962324e-01 4.60771769e-01 9.99999940e-01
    8.67627561e-01 2.30237648e-01 3.56474929e-02 1.02175791e-02
    3.06527372e-02 1.31825022e-02 1.42772421e-02 1.22246034e-02
    2.14386708e-03 1.22930249e-02 5.74738858e-03 1.02631934e-03
    2.96492246e-04 0. 3.74036375e-03 6.84212893e-04 1.70140937e-02
    6.84212864e-05 7.29827094e-04 6.97897142e-03 1.14035487e-04
    2.85088699e-02 2.21228832e-03 5.70177392e-04 7.29827117e-03
    2.12105992e-03 1.38667151e-02 5.17721102e-03 0. 1.61702316e-02
    3.37545038e-03 6.93335757e-03 4.74387594e-03 2.91930838e-03
    1.11298636e-02 8.66669696e-04 2.73685157e-03 1.41632073e-02
    6.84212864e-05 4.90352558e-03 1.45965419e-03 1.71509366e-02
    1.00351227e-02 1.03316149e-02 3.13597582e-02 5.33229932e-02</data></hist_h>
<hist_s type_id="opencv-matrix">
  <rows>50</rows>
  <cols>1</cols>
  <dt>f</dt>
  <data>
    1. 2.48739496e-01 7.01080486e-02 7.66706690e-02 7.01880753e-02
    9.00360197e-02 1.17246896e-01 1.62144855e-01 2.45218083e-01
    2.78911561e-01 3.66386533e-01 4.98279303e-01 6.64105654e-01
    7.75670290e-01 7.95438170e-01 7.07242906e-01 6.88915551e-01
    4.79791909e-01 4.09283698e-01 3.44697863e-01 3.21488589e-01
    2.66186446e-01 2.34733894e-01 2.00880349e-01 1.90316126e-01
    1.95918366e-01 1.56462580e-01 1.41256511e-01 1.29731894e-01
    1.17807120e-01 1.20368153e-01 1.20048016e-01 1.15566224e-01
    1.30452186e-01 9.61184502e-02 9.64385793e-02 8.16326588e-02
    7.73909613e-02 6.41856790e-02 7.05082044e-02 4.78591435e-02
    4.76990752e-02 3.59343737e-02 2.78511383e-02 2.58503407e-02
    2.81712674e-02 1.73669457e-02 1.56862736e-02 0. 3.25490177e-01</data></hist_s>
<hist_v type_id="opencv-matrix">
  <rows>100</rows>
  <cols>1</cols>
  <dt>f</dt>
  <data>
    0. 1.04859630e-02 2.01826580e-02 5.25425635e-02 5.72781600e-02
    9.78689790e-02 8.17454085e-02 1.42631635e-01 1.52779341e-01
    1.00124031e-01 1.51313558e-01 1.04070358e-01 1.58304200e-01
    1.08918704e-01 1.88860074e-01 1.35640994e-01 2.38132820e-01
    2.68914223e-01 2.02390343e-01 3.18976223e-01 2.16146126e-01
    3.33859533e-01 2.27759615e-01 3.35325301e-01 2.31818691e-01
    3.42654198e-01 3.49419355e-01 2.33397231e-01 3.83019537e-01
    2.47040257e-01 3.82230252e-01 2.56060451e-01 3.77043664e-01
    3.97339076e-01 2.52565145e-01 3.75465125e-01 2.56173193e-01
    3.87191355e-01 2.67561197e-01 3.85612816e-01 2.45799974e-01
    3.46262276e-01 3.30589712e-01 2.13440076e-01 2.94170737e-01
    1.88747317e-01 3.05784196e-01 2.04419896e-01 2.84361273e-01
    1.81305677e-01 2.72635043e-01 2.76806861e-01 1.71383470e-01
    2.68124938e-01 1.69917688e-01 2.49633566e-01 1.60220996e-01
    2.55722195e-01 2.14003831e-01 1.23689249e-01 1.89198330e-01
    1.08016685e-01 1.60784751e-01 1.02491826e-01 1.49735034e-01
    9.70797166e-02 1.21885218e-01 1.12075768e-01 7.74608180e-02
    1.43195406e-01 5.93077019e-02 8.37749466e-02 4.96110059e-02
    7.31762350e-02 4.64539416e-02 7.13721961e-02 6.79896250e-02
    4.11545821e-02 7.11466894e-02 6.82151318e-02 8.73830169e-02
    3.38256843e-02 4.05908227e-02 2.77370624e-02 1.07114669e-02
    1.52215594e-02 8.23091716e-03 5.82929291e-02 1.47705497e-02
    1.65745877e-02 7.77990744e-03 6.53963257e-03 9.13293473e-03
    1.68000907e-02 8.46769661e-02 1.95061453e-02 3.14578861e-02
    5.96459582e-02 1.14894576e-01 1.</data></hist_v>
</opencv_storage>
