<?xml version="1.0"?>
<opencv_storage>
<hist_h type_id="opencv-matrix">
  <rows>50</rows>
  <cols>1</cols>
  <dt>f</dt>
  <data>
    3.56988646e-02 9.58207399e-02 7.51883313e-02 4.45755959e-01
    5.29341221e-01 1. 3.22777212e-01 5.43639958e-02 5.68110943e-02
    6.21851161e-02 3.49311471e-01 2.38760144e-01 4.59670834e-02
    2.62943245e-02 6.62156334e-03 4.31841100e-03 3.93455196e-03
    1.63139962e-03 9.11664509e-04 4.79823429e-05 7.19735166e-04 0. 0.
    2.39911722e-04 0. 8.63682188e-04 1.91929372e-04 0. 0. 3.35876393e-04
    1.96727598e-03 9.59646859e-05 0. 1.05561153e-03 4.79823429e-05
    4.79823444e-04 6.23770466e-04 2.87894043e-04 1.19955861e-03
    4.79823429e-05 1.43947022e-04 4.79823444e-04 0. 1.34350557e-03
    4.79823444e-04 1.10359385e-03 3.83858744e-04 3.21481703e-03
    8.92471615e-03 2.78297579e-03</data></hist_h>
<hist_s type_id="opencv-matrix">
  <rows>50</rows>
  <cols>1</cols>
  <dt>f</dt>
  <data>
    5.28255552e-02 3.58020365e-02 5.37030548e-02 1.47595644e-01
    2.54299730e-01 3.56791824e-01 3.62758845e-01 3.40119332e-01
    3.53808343e-01 2.62021750e-01 3.03264290e-01 3.79431367e-01
    5.51070571e-01 7.44120717e-01 8.47314835e-01 9.01544392e-01 1.
    7.27448225e-01 5.77395558e-01 4.94032949e-01 4.26640898e-01
    3.58722329e-01 3.25552791e-01 2.84134775e-01 2.43418738e-01
    2.65882760e-01 1.87609687e-01 1.58301160e-01 1.41277641e-01
    1.09863110e-01 9.63495970e-02 8.28360841e-02 6.37065619e-02
    6.37065619e-02 3.70305367e-02 3.22920308e-02 3.15900296e-02
    2.14110203e-02 2.07090192e-02 1.75500177e-02 1.33380136e-02
    1.45665137e-02 5.61600458e-03 5.96700516e-03 2.98350211e-03
    2.45700218e-03 8.77500512e-04 1.05300080e-03 -9.31322575e-10
    8.54685828e-02</data></hist_s>
<hist_v type_id="opencv-matrix">
  <rows>100</rows>
  <cols>1</cols>
  <dt>f</dt>
  <data>
    0. 5.07614249e-03 6.20417390e-03 1.41003951e-02 1.18443323e-02
    2.93288231e-02 2.14326009e-02 5.13254404e-02 7.50141069e-02
    6.93739429e-02 1.07727021e-01 1.03214897e-01 1.97405532e-01
    1.51156247e-01 2.92160183e-01 2.49859005e-01 4.55724776e-01
    5.87140441e-01 4.79413450e-01 7.74957716e-01 5.92216611e-01
    9.22165871e-01 6.39029920e-01 1. 6.63282633e-01 9.18217778e-01
    8.67456317e-01 5.22842646e-01 7.28708446e-01 4.29780066e-01
    5.71912050e-01 3.19232941e-01 4.72645253e-01 4.90129739e-01
    2.86520034e-01 4.67005104e-01 3.26565146e-01 4.60236907e-01
    3.02312493e-01 5.04230142e-01 3.36153418e-01 5.31866908e-01
    6.07445061e-01 4.07783449e-01 6.42978013e-01 4.58544850e-01
    6.99379623e-01 4.85617608e-01 7.67625511e-01 5.18894553e-01
    7.49013007e-01 7.68753588e-01 5.80372274e-01 8.33051383e-01
    5.88832498e-01 8.77044618e-01 5.54991543e-01 8.24027121e-01
    8.18950951e-01 5.73604107e-01 7.71573663e-01 4.91257787e-01
    7.50705063e-01 4.82797533e-01 7.38860726e-01 4.73773301e-01
    6.61590576e-01 6.41286016e-01 3.77326578e-01 5.37507057e-01
    3.57586026e-01 4.89001721e-01 2.97800362e-01 4.33164150e-01
    2.74111688e-01 3.56458008e-01 3.22053045e-01 2.06993803e-01
    2.79751837e-01 1.83305144e-01 2.74111688e-01 1.51720256e-01
    2.34066561e-01 2.11505935e-01 1.16187260e-01 1.69768766e-01
    1.04906939e-01 1.43260017e-01 8.74224529e-02 1.22955449e-01
    7.38860741e-02 9.87027660e-02 8.12182799e-02 4.28652018e-02
    7.05019757e-02 4.45572510e-02 5.86576462e-02 5.30174859e-02
    1.63000569e-01 5.42019188e-01</data></hist_v>
</opencv_storage>
