<?xml version="1.0"?>
<opencv_storage>
<hist_h type_id="opencv-matrix">
  <rows>50</rows>
  <cols>1</cols>
  <dt>f</dt>
  <data>
    1.18524611e-01 2.09091976e-02 3.17161996e-03 2.81921774e-03
    3.52402218e-04 1.29214139e-03 1.17467403e-04 0. 1.17467403e-04 0. 0.
    0. 0. 0. 3.52402218e-04 1.17467403e-04 2.34934807e-04 1.17467403e-04
    3.52402218e-04 0. 9.39739228e-04 4.69869614e-04 9.39739228e-04
    1.76201109e-03 8.69258773e-03 3.39480788e-02 1.73734292e-01
    3.79537195e-01 1. 7.54140735e-01 7.62480915e-01 5.65488100e-01
    2.92258888e-01 2.26007283e-01 3.65910947e-01 2.64771521e-01
    4.69752133e-01 3.94690484e-01 3.73663813e-01 2.45154470e-01
    4.05027598e-01 2.86502987e-01 2.03101143e-01 2.02866212e-01
    2.19898984e-01 3.15047562e-01 2.33055323e-01 3.53459418e-01
    5.74063182e-01 2.94255853e-01</data></hist_h>
<hist_s type_id="opencv-matrix">
  <rows>50</rows>
  <cols>1</cols>
  <dt>f</dt>
  <data>
    1.87018700e-02 5.95059507e-02 1.38113812e-01 3.41234118e-01
    6.22562289e-01 8.67886782e-01 9.20092046e-01 9.09490943e-01 1.
    7.24772513e-01 5.76857686e-01 4.36843693e-01 3.26532662e-01
    2.57725775e-01 1.85018510e-01 1.44914493e-01 1.25912592e-01
    7.71077126e-02 5.78057803e-02 4.95049506e-02 4.22042198e-02
    3.06030624e-02 2.46024616e-02 1.98019799e-02 1.80018004e-02
    1.81018114e-02 1.04010403e-02 1.07010705e-02 8.00080039e-03
    7.70076970e-03 8.10081046e-03 4.60045971e-03 4.40044003e-03
    4.10040980e-03 3.30032990e-03 3.00030014e-03 2.20022001e-03
    1.90019002e-03 2.00020010e-03 1.60016003e-03 1.50014996e-03
    1.30013004e-03 4.00040008e-04 1.10011012e-03 2.00019975e-04 0. 0.
    1.00010016e-04 5.00049966e-04 1.48014799e-02</data></hist_s>
<hist_v type_id="opencv-matrix">
  <rows>100</rows>
  <cols>1</cols>
  <dt>f</dt>
  <data>
    0. 0. 1.41376059e-03 9.42507060e-04 6.12629578e-03 8.48256331e-03
    8.48256331e-03 1.41376061e-02 1.83788873e-02 1.31950993e-02
    2.49764379e-02 1.74363814e-02 3.34590003e-02 2.16776617e-02
    4.24128175e-02 2.92177182e-02 4.33553234e-02 5.98491989e-02
    4.33553234e-02 7.39868060e-02 6.07917048e-02 8.38831291e-02
    7.30443001e-02 1.20169647e-01 8.15268606e-02 1.47973612e-01
    1.51272386e-01 1.17813386e-01 1.98397741e-01 1.49858624e-01
    2.50235617e-01 1.62582472e-01 2.77097076e-01 3.27049941e-01
    2.29500473e-01 3.75117809e-01 2.75683314e-01 4.15174365e-01
    3.05843532e-01 5.14608860e-01 3.41187567e-01 5.49010336e-01
    6.38077259e-01 4.47690845e-01 7.14420378e-01 4.83506113e-01
    8.03016007e-01 5.33459008e-01 8.46371353e-01 5.81526875e-01
    8.74175310e-01 9.52874660e-01 6.45617366e-01 9.66540992e-01
    6.51743650e-01 9.51460898e-01 6.85202658e-01 9.88689899e-01 1.
    6.52686119e-01 9.57587183e-01 6.47973597e-01 9.34024513e-01
    6.21112168e-01 8.55796397e-01 5.84825635e-01 8.54382634e-01
    8.22337389e-01 5.57021677e-01 7.45051861e-01 4.69839782e-01
    7.61074424e-01 4.58529681e-01 6.75777555e-01 4.29783225e-01
    6.63996220e-01 6.10273302e-01 3.97737980e-01 5.51366627e-01
    3.57210189e-01 5.40999055e-01 3.42130065e-01 5.07540047e-01
    4.93402451e-01 2.91705936e-01 4.81149852e-01 3.10556084e-01
    4.01979268e-01 2.71442026e-01 3.63807738e-01 2.21960410e-01
    3.16682369e-01 2.88878411e-01 1.65881246e-01 2.25259185e-01
    1.50329873e-01 1.85673892e-01 1.26295939e-01 1.49387375e-01
    4.36380774e-01</data></hist_v>
</opencv_storage>
