<?xml version="1.0"?>
<opencv_storage>
<hist_h type_id="opencv-matrix">
  <rows>50</rows>
  <cols>1</cols>
  <dt>f</dt>
  <data>
    1.55306637e-01 1.17492855e-01 1.39180169e-01 4.76088345e-01
    5.76263130e-01 7.92024195e-01 1. 4.16587234e-01 1.76120117e-01
    4.99682240e-02 2.68509705e-02 2.09723562e-02 1.90657773e-03
    9.37400665e-03 2.22434080e-03 3.73371458e-03 9.53288865e-04 0.
    4.92532598e-03 8.73848097e-04 8.42071790e-03 7.94407446e-04
    1.35049259e-03 2.54210364e-03 3.97203694e-04 9.61232930e-03
    3.25707020e-03 2.38322210e-03 2.04162709e-02 1.60152525e-01
    1.20670483e-01 6.25198632e-02 5.61646037e-02 1.05735622e-01
    2.70257384e-01 1.40133455e-01 2.06863672e-01 1.34254843e-01
    7.81696886e-02 4.75055613e-02 8.59548822e-02 6.88751191e-02
    3.49539258e-02 1.27502382e-01 3.16968560e-02 8.26183707e-02
    3.04258037e-02 5.49729913e-02 5.98983169e-02 3.82904373e-02</data></hist_h>
<hist_s type_id="opencv-matrix">
  <rows>50</rows>
  <cols>1</cols>
  <dt>f</dt>
  <data>
    9.40942526e-01 4.57160354e-01 4.68176275e-01 4.95716035e-01
    4.97246027e-01 5.64565480e-01 5.78641415e-01 6.77784622e-01
    8.84332955e-01 7.25826204e-01 7.20012248e-01 7.55201995e-01
    7.87943721e-01 9.36352551e-01 9.25030649e-01 9.05446768e-01 1.
    7.63157904e-01 7.49694049e-01 7.86107719e-01 7.31946170e-01
    6.54222786e-01 6.26989007e-01 5.74663401e-01 5.52325606e-01
    6.75030649e-01 4.99388039e-01 4.34210539e-01 4.12484705e-01
    4.08200741e-01 3.50367218e-01 3.07833552e-01 2.96511650e-01
    2.86719710e-01 2.05324352e-01 1.53916761e-01 1.42900854e-01
    9.14932713e-02 8.47613215e-02 6.33414984e-02 4.03916799e-02
    3.88616920e-02 3.30477357e-02 1.92778483e-02 2.72337832e-02
    1.04039172e-02 7.95593578e-03 3.97796836e-03 0. 9.17992666e-02</data></hist_s>
<hist_v type_id="opencv-matrix">
  <rows>100</rows>
  <cols>1</cols>
  <dt>f</dt>
  <data>
    0. 3.35176795e-04 5.02765179e-04 2.01106071e-03 3.51935625e-03
    7.03871250e-03 9.72012710e-03 3.05010881e-02 6.98843598e-02
    9.41846818e-02 2.95290768e-01 3.11714411e-01 5.66448808e-01
    3.90145779e-01 5.66616356e-01 3.45064521e-01 4.49304491e-01
    3.69867593e-01 2.11664140e-01 2.88252056e-01 1.66582868e-01
    2.21887037e-01 1.29210651e-01 1.74627110e-01 9.66985077e-02
    1.28372714e-01 1.25356123e-01 7.52471909e-02 1.13457344e-01
    6.97167739e-02 1.03904806e-01 6.50243014e-02 9.06653255e-02
    8.49673152e-02 4.67571616e-02 7.49120116e-02 4.75951061e-02
    6.15049414e-02 3.67018580e-02 5.73152304e-02 4.02212143e-02
    5.19524030e-02 5.01089320e-02 3.55287418e-02 5.53041697e-02
    3.83777432e-02 6.16725311e-02 3.80425677e-02 6.23428822e-02
    4.44109254e-02 6.95491880e-02 6.73705339e-02 4.64219861e-02
    6.83760643e-02 5.06116971e-02 7.50796050e-02 5.12820482e-02
    7.82637820e-02 7.84313679e-02 5.89911155e-02 8.39617848e-02
    6.33484125e-02 8.79839063e-02 5.78179955e-02 9.45198536e-02
    7.15602487e-02 1.19658113e-01 1.13122165e-01 7.35713094e-02
    1.16138756e-01 6.80408925e-02 1.10943519e-01 7.05547184e-02
    1.08597279e-01 6.58622384e-02 1.08262107e-01 1.14965640e-01
    7.08898902e-02 1.02228925e-01 7.00519532e-02 1.04575157e-01
    7.54147768e-02 1.12451814e-01 9.97150987e-02 7.70906657e-02
    1.00888215e-01 6.56946525e-02 1.02899276e-01 7.08898902e-02
    9.85419750e-02 6.70353621e-02 1.09602809e-01 1.35579020e-01
    1.05748281e-01 1.90548003e-01 1.54348910e-01 2.84062326e-01
    2.53896415e-01 6.33986890e-01 9.99999940e-01</data></hist_v>
</opencv_storage>
