<?xml version="1.0"?>
<opencv_storage>
<hist_h type_id="opencv-matrix">
  <rows>50</rows>
  <cols>1</cols>
  <dt>f</dt>
  <data>
    2.22180374e-02 4.07644510e-02 9.80041400e-02 4.78958756e-01
    3.08651835e-01 1.84146106e-01 9.18847620e-02 6.72660470e-02
    8.00225958e-02 5.42270765e-02 1.84993401e-01 1. 1.68988883e-01
    7.76689872e-02 4.87196371e-02 5.04613072e-02 3.45509313e-02
    1.82639807e-02 3.45038585e-02 1.97702870e-02 2.20768210e-02
    1.12031633e-02 2.52306536e-02 4.65543196e-02 8.92957970e-02
    1.59574464e-01 3.53040844e-02 4.47185058e-03 7.67275458e-03
    2.49482202e-03 3.62455263e-03 2.77725467e-03 1.41216340e-04
    2.96554319e-03 4.23649035e-04 2.82432680e-04 1.41216340e-04
    4.70721134e-05 5.64865361e-04 1.88288454e-04 4.70721134e-05
    2.35360567e-04 0. 4.70721134e-04 2.82432680e-04 1.50630763e-03
    1.41216340e-04 1.45923556e-03 1.83581247e-03 2.96554319e-03</data></hist_h>
<hist_s type_id="opencv-matrix">
  <rows>50</rows>
  <cols>1</cols>
  <dt>f</dt>
  <data>
    2.73767889e-01 6.83306873e-01 7.53895104e-01 5.46581864e-01
    5.38950741e-01 5.15103340e-01 5.32909393e-01 5.94276667e-01
    8.09538960e-01 8.26709092e-01 9.06200349e-01 1. 9.35771048e-01
    8.60731304e-01 7.54213035e-01 7.79968202e-01 9.96184468e-01
    8.83942783e-01 8.76311600e-01 8.20031822e-01 8.06041360e-01
    7.39904642e-01 6.33386314e-01 5.03656626e-01 4.30524647e-01
    3.59300494e-01 2.11128756e-01 1.18918911e-01 8.96661282e-02
    5.40540554e-02 3.21144648e-02 1.87599324e-02 0. 1.90779008e-02
    1.90779194e-03 1.49443559e-02 2.00317986e-02 4.19713818e-02
    5.65977730e-02 5.15103303e-02 4.92845736e-02 8.04451406e-02
    6.93163723e-02 6.20031767e-02 7.59936422e-02 8.42607319e-02
    6.29570782e-02 6.61367178e-02 4.10174839e-02 7.93640733e-01</data></hist_s>
<hist_v type_id="opencv-matrix">
  <rows>100</rows>
  <cols>1</cols>
  <dt>f</dt>
  <data>
    5.76739796e-02 1.00571975e-01 6.43469989e-02 1.10581517e-01
    6.57769293e-02 8.67492855e-02 2.71687359e-02 2.09723562e-02
    5.43374680e-02 5.62440418e-02 8.72259289e-02 2.09723562e-02
    3.05052474e-02 3.72529030e-09 5.05243130e-02 5.05243130e-02
    6.67302161e-02 6.29170686e-02 3.43183987e-02 8.53193551e-02
    6.29170686e-02 1.72068641e-01 1.44899920e-01 3.23641568e-01
    2.95996189e-01 5.80552876e-01 5.63870311e-01 2.63107747e-01
    2.95042902e-01 1.29647285e-01 1.59199253e-01 8.34127814e-02
    1.36320308e-01 1.47283137e-01 8.53193551e-02 1.61582470e-01
    9.67588276e-02 1.63012400e-01 1.01048619e-01 1.95900872e-01
    1.11534804e-01 2.05910400e-01 2.26406097e-01 1.57292664e-01
    2.59294569e-01 1.83984756e-01 3.00285995e-01 2.05433756e-01
    3.37940902e-01 2.45471895e-01 4.20400381e-01 4.66158271e-01
    3.20781708e-01 5.45281231e-01 3.77502382e-01 6.17731154e-01
    4.33269799e-01 7.19733059e-01 7.86463261e-01 5.19065738e-01
    9.29456592e-01 6.19637728e-01 9.78074372e-01 6.44423246e-01
    9.99999940e-01 6.60152495e-01 9.55672085e-01 9.70924675e-01
    6.21544302e-01 8.29837918e-01 5.36701620e-01 8.07912290e-01
    4.83794123e-01 6.56816006e-01 4.04671133e-01 5.71020007e-01
    5.37178278e-01 3.29361320e-01 4.51858938e-01 2.66920894e-01
    4.06577706e-01 2.35462368e-01 3.54623467e-01 3.59389901e-01
    2.23069608e-01 3.27931374e-01 2.00667307e-01 2.97426134e-01
    1.91134423e-01 2.87416607e-01 1.80648252e-01 2.76453763e-01
    2.85986662e-01 1.85891330e-01 3.12202096e-01 1.92087710e-01
    3.28884661e-01 2.21639663e-01 3.33651096e-01 9.81410921e-01</data></hist_v>
</opencv_storage>
