<?xml version="1.0"?>
<opencv_storage>
<hist_h type_id="opencv-matrix">
  <rows>50</rows>
  <cols>1</cols>
  <dt>f</dt>
  <data>
    3.11817735e-01 8.18778694e-01 1. 7.51938045e-01 1.86204731e-01
    9.29441527e-02 5.29188439e-02 2.49169450e-02 4.95174825e-02
    5.33143505e-02 9.31814611e-02 1.71254560e-01 1.46337613e-01
    1.41037822e-01 7.64910653e-02 8.02879259e-02 4.49296013e-02
    2.49169450e-02 4.05790210e-02 1.55038759e-02 2.59452630e-02
    8.38474929e-03 1.12324003e-02 1.74023118e-03 0. 9.17576440e-03
    1.09950956e-02 4.03417274e-03 2.61034649e-02 1.45546589e-02
    3.40927094e-02 5.15741184e-02 7.04793558e-02 1.44913793e-01
    1.78927392e-01 1.22686289e-01 1.39376685e-01 6.24110103e-02
    5.28397411e-02 4.80145589e-02 6.75526038e-02 2.30976101e-02
    7.67283700e-03 4.34266776e-02 1.47919636e-02 4.22401503e-02
    3.01376376e-02 5.57664931e-02 9.73738357e-02 1.54485062e-01</data></hist_h>
<hist_s type_id="opencv-matrix">
  <rows>50</rows>
  <cols>1</cols>
  <dt>f</dt>
  <data>
    1.35835841e-01 4.54429775e-01 7.63639271e-01 1. 9.19516444e-01
    7.59821832e-01 7.02242732e-01 6.56592965e-01 6.93017364e-01
    5.55909038e-01 5.24574518e-01 4.36138064e-01 4.23413396e-01
    3.66470486e-01 3.82376343e-01 3.65198046e-01 4.16096717e-01
    3.26705903e-01 3.09209496e-01 3.10959131e-01 3.07141721e-01
    2.64673144e-01 2.55447745e-01 2.26340055e-01 1.90392867e-01
    2.01845065e-01 1.34881496e-01 1.18339427e-01 9.22538564e-02
    6.88722730e-02 6.52139336e-02 4.85128015e-02 3.96055356e-02
    3.62653099e-02 2.00413540e-02 2.09957045e-02 1.92460623e-02
    1.38380788e-02 1.63830128e-02 1.65420696e-02 9.86161828e-03
    7.47574307e-03 3.49928415e-03 4.29457612e-03 2.22681719e-03
    2.22681719e-03 1.43152545e-03 0. 1.59058487e-04 1.86098292e-02</data></hist_s>
<hist_v type_id="opencv-matrix">
  <rows>100</rows>
  <cols>1</cols>
  <dt>f</dt>
  <data>
    0. 0. 0. 2.16099410e-03 4.86223679e-03 8.10372829e-03 8.64397641e-03
    2.05294434e-02 3.02539170e-02 2.53916811e-02 4.91626151e-02
    5.18638566e-02 9.67044830e-02 9.34629962e-02 1.52350083e-01
    1.26418158e-01 2.17179909e-01 2.42031336e-01 1.76661268e-01
    2.71744996e-01 2.16639653e-01 3.06861162e-01 2.35548362e-01
    3.47379804e-01 2.16639653e-01 3.49540800e-01 3.66828740e-01
    2.52836317e-01 3.84116709e-01 2.75526762e-01 3.88978928e-01
    2.52836317e-01 4.20853615e-01 4.34900075e-01 2.80388981e-01
    4.52728271e-01 3.29551607e-01 5.56455970e-01 3.77633721e-01
    5.96434355e-01 4.15451109e-01 6.34792030e-01 6.47758007e-01
    4.11669374e-01 6.48298204e-01 4.27876830e-01 6.50999486e-01
    4.59211260e-01 6.75850928e-01 4.49486762e-01 6.98001087e-01
    7.32036769e-01 4.47325766e-01 6.81793630e-01 5.12695849e-01
    7.13128030e-01 4.91085917e-01 7.27714777e-01 7.20691562e-01
    4.91626173e-01 7.58508921e-01 5.21880090e-01 7.53106415e-01
    5.02431154e-01 7.49864936e-01 5.36466777e-01 7.82279849e-01
    7.97406852e-01 5.49973011e-01 8.40086460e-01 5.58076739e-01
    8.71961117e-01 6.11021101e-01 9.15721238e-01 6.15343094e-01
    9.50837433e-01 1. 6.35332286e-01 9.84873056e-01 6.58022702e-01
    8.96272302e-01 6.16963804e-01 8.60075653e-01 8.13074052e-01
    4.66774732e-01 6.70448422e-01 4.18692619e-01 5.54835260e-01
    3.29011351e-01 4.78660196e-01 2.79848725e-01 3.97622913e-01
    3.50081056e-01 2.29065374e-01 3.01458687e-01 1.88546732e-01
    2.57698536e-01 1.54511079e-01 2.15018913e-01 4.30578083e-01</data></hist_v>
</opencv_storage>
