<?xml version="1.0"?>
<opencv_storage>
<hist_h type_id="opencv-matrix">
  <rows>50</rows>
  <cols>1</cols>
  <dt>f</dt>
  <data>
    8.39075819e-02 5.70193194e-02 6.22888766e-02 2.41318733e-01
    4.95608687e-01 1. 4.78178620e-01 3.81975412e-01 7.15714097e-01
    9.07580078e-01 3.79137963e-01 1.01337656e-01 1.90514792e-02
    1.97270624e-02 7.29631167e-03 7.43142795e-03 1.17551684e-02
    6.75584364e-04 5.53979212e-03 2.43210373e-03 7.16119446e-03 0.
    5.53979212e-03 4.72909072e-03 2.29698676e-03 6.35049352e-03
    9.99864936e-03 8.64748005e-03 6.82340264e-02 1.63221180e-01
    6.35724902e-01 5.02229452e-01 5.20740449e-01 4.79394674e-01
    9.24199447e-02 2.68882569e-02 1.87812448e-02 4.45885723e-03
    1.10795842e-02 5.26955817e-03 6.21537631e-03 3.64815560e-03
    5.40467503e-04 1.18902856e-02 5.13444142e-03 1.60789080e-02
    2.16187001e-03 8.91771354e-03 1.35116875e-02 8.10701307e-03</data></hist_h>
<hist_s type_id="opencv-matrix">
  <rows>50</rows>
  <cols>1</cols>
  <dt>f</dt>
  <data>
    2.15991303e-01 4.65991318e-01 4.50795949e-01 5.34732282e-01
    5.45586109e-01 6.18306816e-01 9.55861032e-01 1. 8.02460194e-01
    6.31331384e-01 5.90448618e-01 5.83936334e-01 5.89001417e-01
    5.60057878e-01 5.73082507e-01 5.72358906e-01 7.32272089e-01
    6.28798842e-01 6.57018781e-01 6.18668616e-01 5.90810418e-01
    5.49927652e-01 4.90593314e-01 4.58755434e-01 3.84587526e-01
    4.65267718e-01 3.28509390e-01 3.06801736e-01 2.73516655e-01
    2.27206931e-01 1.99710563e-01 1.88856721e-01 1.73661351e-01
    1.59551367e-01 1.16859615e-01 1.02749631e-01 8.82778615e-02
    8.35745260e-02 6.33140355e-02 5.24602011e-02 4.30535451e-02
    4.81186658e-02 3.14761177e-02 3.07525322e-02 2.06222869e-02
    2.02604905e-02 8.32127407e-03 1.19392164e-02 0. 8.22358906e-01</data></hist_s>
<hist_v type_id="opencv-matrix">
  <rows>100</rows>
  <cols>1</cols>
  <dt>f</dt>
  <data>
    4.37405705e-02 1.47812977e-01 1.21417806e-01 1.97586730e-01
    1.31221727e-01 2.21719459e-01 1.47058830e-01 2.14177981e-01
    2.42081463e-01 1.56862751e-01 2.35294133e-01 1.52337864e-01
    2.62443453e-01 1.71191558e-01 2.88084477e-01 2.39819020e-01
    3.35595787e-01 3.99698347e-01 2.97134250e-01 4.58521873e-01
    2.94117659e-01 5.34690797e-01 3.57466072e-01 5.46002984e-01
    3.55203629e-01 6.13876283e-01 6.11613870e-01 4.15535450e-01
    6.33484125e-01 4.28355962e-01 6.60633445e-01 4.47963804e-01
    6.62895918e-01 7.02865720e-01 4.16289598e-01 6.35746598e-01
    4.53242838e-01 6.88536942e-01 4.58521873e-01 6.96078420e-01
    4.81146306e-01 7.01357424e-01 6.77224696e-01 4.72850680e-01
    6.99849129e-01 4.63800907e-01 7.47360468e-01 4.75867271e-01
    7.26998448e-01 4.75113124e-01 7.58672714e-01 8.36349905e-01
    5.46757162e-01 8.32579195e-01 5.97285032e-01 9.99999940e-01
    6.76470578e-01 9.21568632e-01 9.59276021e-01 6.27450943e-01
    9.29864228e-01 6.07088983e-01 8.53695333e-01 5.06033182e-01
    7.45097995e-01 4.47963804e-01 6.07088983e-01 5.48265457e-01
    3.35595787e-01 5.09803891e-01 3.48416299e-01 5.29411733e-01
    3.25037718e-01 4.69834089e-01 3.04675728e-01 4.57767725e-01
    4.47209656e-01 2.85067886e-01 3.93665165e-01 2.27752641e-01
    3.41628969e-01 2.26998493e-01 3.37858230e-01 3.89140278e-01
    2.30769232e-01 2.47360498e-01 1.15384623e-01 1.56862751e-01
    6.71191588e-02 1.08597286e-01 5.05279079e-02 7.01357499e-02
    5.65610901e-02 2.71493215e-02 3.16742063e-02 1.35746598e-02
    1.13122165e-02 0. 9.80392098e-03 4.97737601e-02</data></hist_v>
</opencv_storage>
