<?xml version="1.0"?>
<opencv_storage>
<hist_h type_id="opencv-matrix">
  <rows>50</rows>
  <cols>1</cols>
  <dt>f</dt>
  <data>
    4.00126651e-02 5.19784763e-02 5.26749007e-02 1.62393168e-01
    1.27445400e-01 7.74295703e-02 6.10319749e-02 1.12124100e-01
    9.68661085e-02 1.94365308e-02 1.44349486e-02 7.47071905e-03
    1.45615707e-03 1.01297884e-03 1.89933548e-04 3.79867095e-04
    1.70940184e-03 3.16555903e-04 5.69800613e-04 3.79867095e-04
    8.23045324e-04 1.45519152e-11 3.79867095e-04 6.33111806e-04
    1.89933548e-04 8.86356516e-04 2.53244722e-03 1.88477382e-01
    1.00000012e+00 7.11490989e-01 4.14245039e-01 1.90883204e-01
    4.22918648e-02 5.72966151e-02 3.67204845e-02 3.35549228e-02
    3.09591647e-02 1.93099082e-02 1.95631534e-02 1.81069970e-02
    2.34251358e-02 2.47546695e-02 1.87401082e-02 3.37448567e-02
    3.06426100e-02 5.18518537e-02 3.85565050e-02 3.44412811e-02
    4.68502715e-02 3.09591647e-02</data></hist_h>
<hist_s type_id="opencv-matrix">
  <rows>50</rows>
  <cols>1</cols>
  <dt>f</dt>
  <data>
    0. 2.71751033e-03 4.33925027e-03 6.22397522e-03 6.00482104e-03
    7.27591524e-03 1.38943680e-02 1.95485428e-02 3.44071873e-02
    3.83519605e-02 4.24720570e-02 4.33925055e-02 3.21718156e-02
    2.29673460e-02 2.53342092e-02 3.51084806e-02 6.44751266e-02
    5.29914536e-02 5.53144850e-02 6.50449246e-02 7.16195479e-02
    1.07385494e-01 1.16239317e-01 9.90138054e-02 9.67784375e-02
    1.08437434e-01 5.01424484e-02 4.14201170e-02 4.06749956e-02
    1.56476013e-02 1.22287963e-02 1.15275029e-02 9.29213129e-03
    1.42011829e-02 1.13083497e-02 1.07823797e-02 9.20447148e-03
    1.09577030e-02 1.13083497e-02 1.22287963e-02 1.12206880e-02
    1.83651112e-02 1.57352630e-02 1.90664046e-02 2.13017762e-02
    2.54657026e-02 2.98926141e-02 4.21652421e-02 6.24150783e-02 1.</data></hist_s>
<hist_v type_id="opencv-matrix">
  <rows>100</rows>
  <cols>1</cols>
  <dt>f</dt>
  <data>
    0. 4.25025541e-03 1.15606934e-02 4.09724601e-02 4.93029580e-02
    9.38456282e-02 5.89935407e-02 1.01836108e-01 9.75858495e-02
    5.38932346e-02 6.35838136e-02 3.70622240e-02 5.83135001e-02
    3.58721539e-02 5.10030612e-02 2.83917040e-02 4.13124785e-02
    3.58721539e-02 2.38014273e-02 3.07718478e-02 2.09112540e-02
    2.99217962e-02 2.12512761e-02 2.85617132e-02 1.66609995e-02
    2.43114587e-02 2.26113573e-02 1.56409387e-02 1.95511729e-02
    1.37708262e-02 2.09112540e-02 1.39408363e-02 2.14212853e-02
    1.92111526e-02 1.02006122e-02 1.90411434e-02 1.19007146e-02
    1.58109497e-02 1.25807552e-02 1.76810604e-02 1.44508677e-02
    1.70010198e-02 2.17613056e-02 1.32607957e-02 1.73410401e-02
    1.02006122e-02 1.90411434e-02 1.27507653e-02 2.17613056e-02
    1.29207755e-02 2.43114587e-02 3.26419584e-02 1.85311120e-02
    2.68616118e-02 1.87011231e-02 2.70316228e-02 1.98911931e-02
    3.51921134e-02 3.84223051e-02 2.66916025e-02 4.09724601e-02
    2.73716431e-02 4.93029580e-02 3.58721539e-02 6.10336624e-02
    4.35226113e-02 6.44338652e-02 8.21149200e-02 6.51139021e-02
    1.36518180e-01 1.64909884e-01 3.05848360e-01 1.76980615e-01
    1.80550829e-01 1.22917369e-01 2.47534841e-01 4.04964298e-01
    3.02108139e-01 3.91703516e-01 2.27133617e-01 3.67902070e-01
    2.09962592e-01 2.86977232e-01 3.26589614e-01 1.93471611e-01
    3.40530455e-01 1. 4.98469919e-01 3.17239046e-01 4.12954777e-01
    1.98401898e-01 2.68956155e-01 3.78102690e-01 2.56885409e-01
    1.47398844e-01 5.40632457e-02 7.61645660e-02 5.89935407e-02
    1.39408365e-01 1.28867730e-01</data></hist_v>
</opencv_storage>
