<?xml version="1.0"?>
<opencv_storage>
<hist_h type_id="opencv-matrix">
  <rows>50</rows>
  <cols>1</cols>
  <dt>f</dt>
  <data>
    5.16481459e-01 9.45375800e-01 3.88208717e-01 6.49274826e-01
    3.23413074e-01 2.30551898e-01 1.92126572e-01 7.53437579e-02
    9.02241468e-02 1.71783760e-01 1.59352049e-01 1.81766808e-01
    1.66132987e-01 2.39593148e-01 2.57863998e-01 3.31512541e-01
    1.70088530e-01 3.20210963e-01 2.11904317e-01 1.66509703e-01
    1.02090791e-01 2.73121119e-01 1.13203987e-01 5.38707860e-02
    2.71237530e-02 6.15935214e-02 6.31003976e-02 2.42983624e-02
    1.22621968e-01 2.24336028e-01 1. 2.15294778e-01 7.36485273e-02
    4.46411781e-02 4.12507094e-02 8.66453163e-03 1.90242976e-02 0.
    1.03597678e-02 3.01375054e-03 2.26031337e-03 1.05481260e-02
    2.82539055e-03 4.25692238e-02 3.39046903e-02 5.95215671e-02
    5.70728965e-02 1.78564698e-01 2.02297986e-01 2.65586734e-01</data></hist_h>
<hist_s type_id="opencv-matrix">
  <rows>50</rows>
  <cols>1</cols>
  <dt>f</dt>
  <data>
    1.94179386e-01 3.56393129e-01 4.43702310e-01 6.13549590e-01
    5.69656491e-01 6.14503801e-01 6.23568714e-01 7.51908362e-01
    8.28721344e-01 7.06583977e-01 8.34923625e-01 8.69751871e-01
    8.61641228e-01 9.40362573e-01 9.99999940e-01 8.60209882e-01
    9.90457952e-01 7.82442749e-01 7.73377836e-01 7.56202281e-01
    7.48091578e-01 8.38263333e-01 7.36164093e-01 7.14217544e-01
    6.59351110e-01 7.86736608e-01 5.95419824e-01 5.64408362e-01
    5.14312983e-01 4.70419854e-01 4.48950380e-01 3.93129796e-01
    3.37309182e-01 3.29675585e-01 2.09446564e-01 1.56011447e-01
    1.62213743e-01 9.92366374e-02 1.02099240e-01 8.20610672e-02
    7.01335818e-02 5.86832054e-02 3.10114510e-02 3.48282456e-02
    2.95801535e-02 3.10114510e-02 1.57442763e-02 1.76526718e-02 0.
    2.41889313e-01</data></hist_s>
<hist_v type_id="opencv-matrix">
  <rows>100</rows>
  <cols>1</cols>
  <dt>f</dt>
  <data>
    0. 6.13967702e-03 5.37221693e-03 3.30007672e-02 3.53031456e-02
    9.74673778e-02 1.00537218e-01 3.35379899e-01 6.65387511e-01
    5.74059844e-01 1. 5.01918614e-01 7.67459691e-01 5.18035293e-01
    8.23484242e-01 5.83269358e-01 8.55717540e-01 8.48042965e-01
    5.71757436e-01 7.91250944e-01 5.54105878e-01 7.51343012e-01
    4.78127390e-01 7.19109714e-01 4.58940893e-01 6.75364494e-01
    6.76899433e-01 4.01381433e-01 6.33154213e-01 4.38219488e-01
    6.55410528e-01 3.83729845e-01 5.61013043e-01 5.77129662e-01
    3.53031456e-01 5.71757436e-01 3.83729845e-01 5.20337641e-01
    3.42287034e-01 5.16500354e-01 3.26170385e-01 4.99616295e-01
    4.91174191e-01 3.04681510e-01 4.61243272e-01 2.96239465e-01
    4.15195704e-01 2.84727544e-01 3.82194936e-01 2.61703759e-01
    3.43821943e-01 2.96239465e-01 1.97237134e-01 2.68610895e-01
    1.29700691e-01 2.54796624e-01 1.40445113e-01 1.99539512e-01
    2.44052187e-01 1.41212583e-01 2.25633144e-01 1.32770523e-01
    2.68610895e-01 1.47352263e-01 2.60168850e-01 1.69608593e-01
    3.29240233e-01 3.13891023e-01 2.14121252e-01 3.00076753e-01
    2.08749026e-01 3.10053736e-01 1.86492696e-01 3.10821176e-01
    1.86492696e-01 2.48656943e-01 2.38679960e-01 1.55794308e-01
    2.97006905e-01 1.92632377e-01 3.06216419e-01 2.04144269e-01
    2.86262482e-01 2.61703759e-01 1.59631610e-01 3.24635446e-01
    2.94704527e-01 4.71987724e-01 3.62240970e-01 7.52110481e-01
    5.41826546e-01 5.31082094e-01 5.62547922e-01 5.27244806e-01
    7.70529509e-01 4.44359183e-01 5.34151912e-01 2.07214117e-01
    2.99309283e-01 4.68150407e-01</data></hist_v>
</opencv_storage>
