<?xml version="1.0"?>
<opencv_storage>
<hist_h type_id="opencv-matrix">
  <rows>50</rows>
  <cols>1</cols>
  <dt>f</dt>
  <data>
    4.61703278e-02 4.86877337e-02 1.23245850e-01 5.12158513e-01
    9.32672739e-01 1. 2.93304771e-01 1.27745047e-01 1.17246918e-01
    8.88591334e-02 6.37921765e-02 6.95768595e-02 5.25977500e-02
    5.79539351e-02 4.08141389e-02 5.55436537e-02 8.59132260e-02
    3.27262990e-02 4.85270470e-02 3.81360464e-02 5.90251721e-02
    4.52062115e-02 4.19389382e-02 5.02410270e-02 4.37600426e-02
    5.19550070e-02 2.05677561e-02 4.23138728e-03 4.60632006e-03
    6.96304254e-04 2.83877878e-03 1.28548476e-03 0. 1.55329402e-03
    3.74933035e-04 3.74933035e-04 2.67809315e-04 1.07123728e-04
    5.89180505e-04 5.35618638e-05 1.60685595e-04 2.14247455e-04
    5.35618638e-05 5.89180505e-04 2.14247455e-04 1.92822714e-03
    4.82056785e-04 2.35672202e-03 3.21371178e-03 3.26727377e-03</data></hist_h>
<hist_s type_id="opencv-matrix">
  <rows>50</rows>
  <cols>1</cols>
  <dt>f</dt>
  <data>
    0. 1.61152333e-02 5.10553345e-02 7.74386823e-02 1.12378791e-01
    1.18796349e-01 1.11523107e-01 1.15801483e-01 1.50313750e-01
    1.37763843e-01 1.26782671e-01 1.22646898e-01 1.38762131e-01
    1.58585295e-01 1.67997718e-01 2.07929268e-01 2.85795778e-01
    2.63262987e-01 3.00484896e-01 3.06474626e-01 3.14888775e-01
    3.19880217e-01 3.25014263e-01 3.08328599e-01 2.95636058e-01
    3.60382229e-01 2.94637769e-01 2.84797490e-01 2.58984596e-01
    2.47718215e-01 2.26041079e-01 2.19480902e-01 2.06075311e-01
    2.36879647e-01 1.76982328e-01 1.62150607e-01 1.53451234e-01
    1.40045643e-01 1.39475197e-01 1.31631494e-01 1.17227614e-01
    1.43183127e-01 9.96862501e-02 9.38391387e-02 7.92926475e-02
    7.35881403e-02 6.08956069e-02 5.23388535e-02 4.12150621e-02 1.</data></hist_s>
<hist_v type_id="opencv-matrix">
  <rows>100</rows>
  <cols>1</cols>
  <dt>f</dt>
  <data>
    7.45058060e-09 1.59669220e-01 1.11323163e-01 2.26463109e-01
    1.20865151e-01 3.61323148e-01 1.97201014e-01 4.34478372e-01
    4.89821881e-01 2.73536891e-01 4.90458041e-01 2.84351140e-01
    4.94910926e-01 2.85623401e-01 4.60559815e-01 2.47455478e-01
    4.72010165e-01 5.33715010e-01 2.95801520e-01 5.13358831e-01
    2.97073781e-01 5.10178089e-01 2.93893129e-01 5.07633567e-01
    2.59541988e-01 4.64376599e-01 5.01908422e-01 3.07251900e-01
    4.66921121e-01 2.78625965e-01 4.70101804e-01 2.64631063e-01
    4.31933850e-01 4.81552154e-01 2.36005098e-01 4.44656521e-01
    2.81170487e-01 4.24300283e-01 2.62086511e-01 4.87277359e-01
    3.00254464e-01 4.53562349e-01 4.38931316e-01 3.07251900e-01
    5.21628499e-01 3.11704844e-01 5.35623431e-01 3.27608138e-01
    5.43893099e-01 3.58142495e-01 6.18956804e-01 6.24681950e-01
    3.54325712e-01 6.82569981e-01 4.18575078e-01 6.73664093e-01
    4.19211179e-01 6.92111969e-01 7.14376569e-01 4.45928782e-01
    7.62722611e-01 4.33842272e-01 7.10559845e-01 4.23664123e-01
    6.70483470e-01 3.95674318e-01 6.42493606e-01 6.30407095e-01
    3.58778626e-01 6.29134893e-01 3.56870234e-01 5.82697153e-01
    2.74173021e-01 5.61068654e-01 2.88804084e-01 4.51653928e-01
    4.35750633e-01 2.52544522e-01 3.95038158e-01 2.08651394e-01
    3.44783723e-01 1.76208645e-01 3.20610702e-01 2.62086511e-01
    1.15776092e-01 2.25826979e-01 9.92366523e-02 2.16284990e-01
    8.39694738e-02 1.90839708e-01 6.42493665e-02 1.81297719e-01
    1.71755731e-01 6.99745566e-02 1.62849873e-01 5.47073781e-02
    1.95928752e-01 7.82442838e-02 1.85114503e-01 1.</data></hist_v>
</opencv_storage>
