<?xml version="1.0"?>
<opencv_storage>
<hist_h type_id="opencv-matrix">
  <rows>50</rows>
  <cols>1</cols>
  <dt>f</dt>
  <data>
    4.96883178e-04 1.12927996e-03 2.03270395e-03 2.18176898e-02
    1.68262720e-01 4.81118441e-01 1. 8.24148536e-01 5.01174450e-01
    1.66139677e-01 4.64811660e-02 9.03423969e-03 1.26479357e-03
    5.42054418e-04 3.61369603e-04 3.61369603e-04 1.80684801e-04
    4.51712003e-05 1.80684801e-04 9.03424007e-05 1.35513605e-04
    9.03424007e-05 0. 0. 0. 0. 0. 0. 0. 0. 0. 0. 0. 0. 0. 0. 0. 0. 0. 0.
    0. 0. 0. 0. 0. 0. 0. 0. 0. 1.35513605e-04</data></hist_h>
<hist_s type_id="opencv-matrix">
  <rows>50</rows>
  <cols>1</cols>
  <dt>f</dt>
  <data>
    0. 0. 5.54938975e-04 6.65926747e-03 2.10876819e-02 2.85793580e-02
    3.10765821e-02 2.96892356e-02 5.41065484e-02 6.57602698e-02
    7.43618235e-02 1.03218652e-01 1.27081022e-01 1.70643732e-01
    1.99500561e-01 2.42230862e-01 3.54328543e-01 3.34628195e-01
    4.11487252e-01 4.86681491e-01 5.25804698e-01 5.49944520e-01
    6.10432863e-01 6.30688131e-01 6.61764741e-01 8.26304138e-01
    7.08379626e-01 7.40843534e-01 7.83573806e-01 7.58601606e-01
    8.07713687e-01 8.32963407e-01 8.49611580e-01 1. 8.08823586e-01
    7.47502804e-01 6.88401818e-01 5.99889040e-01 4.99445081e-01
    4.28690344e-01 3.97891253e-01 3.94006670e-01 2.50554949e-01
    2.27802455e-01 1.95061043e-01 1.73140958e-01 1.46781355e-01
    1.30133197e-01 1.19589351e-01 9.75305259e-01</data></hist_s>
<hist_v type_id="opencv-matrix">
  <rows>100</rows>
  <cols>1</cols>
  <dt>f</dt>
  <data>
    0. 2.17864942e-03 2.17864942e-03 4.35729884e-03 6.97167777e-03
    1.39433555e-02 1.91721134e-02 3.70370373e-02 6.14379086e-02
    5.31590432e-02 9.36819166e-02 9.01960805e-02 1.67755991e-01
    1.54684097e-01 2.48801753e-01 2.33115479e-01 4.15686280e-01
    4.91939008e-01 3.55555564e-01 5.90413988e-01 4.29629654e-01
    7.08061039e-01 5.01089334e-01 7.81263649e-01 5.20261467e-01
    8.49673212e-01 9.48148191e-01 6.19172156e-01 1. 6.91938996e-01
    9.47276711e-01 6.84095860e-01 9.87799585e-01 9.98257101e-01
    6.30936861e-01 8.96732032e-01 5.31590402e-01 7.38126397e-01
    4.49237496e-01 6.41394377e-01 4.32679743e-01 6.07843161e-01
    5.87363839e-01 3.73420477e-01 5.43790877e-01 3.29847515e-01
    5.08496761e-01 3.24183017e-01 4.67538148e-01 3.08932483e-01
    4.78867114e-01 4.63616580e-01 3.32897604e-01 5.08496761e-01
    3.20261449e-01 4.54901963e-01 3.21132898e-01 4.61002201e-01
    4.73638356e-01 2.83224404e-01 3.77342045e-01 2.39651427e-01
    3.51198256e-01 2.16122016e-01 3.26797396e-01 2.03050122e-01
    2.82352954e-01 2.31808290e-01 1.42919391e-01 2.00871468e-01
    1.19389981e-01 1.80827886e-01 1.03267975e-01 1.46840960e-01
    8.06100219e-02 1.36383444e-01 1.17647059e-01 6.62309378e-02
    1.01525061e-01 5.79520725e-02 7.71241859e-02 5.53376935e-02
    7.40740746e-02 8.10457543e-02 4.74945530e-02 7.49455392e-02
    4.70588244e-02 6.66666701e-02 5.05446643e-02 6.18736409e-02
    4.79302853e-02 6.05664514e-02 6.53594807e-02 4.00871485e-02
    4.79302853e-02 3.22440080e-02 4.48801741e-02 3.39869298e-02
    5.75163402e-02 1.82570815e-01</data></hist_v>
</opencv_storage>
