<?xml version="1.0"?>
<opencv_storage>
<hist_h type_id="opencv-matrix">
  <rows>50</rows>
  <cols>1</cols>
  <dt>f</dt>
  <data>
    8.13212395e-02 1.76285788e-01 4.09702897e-01 1. 4.37976837e-01
    2.54734755e-01 1.27232745e-01 5.81635423e-02 6.26963452e-02
    5.26882708e-02 2.07342245e-02 2.89471317e-02 4.17377241e-03
    2.43245661e-02 9.02073458e-03 1.43164890e-02 3.09666991e-03
    4.62256512e-03 1.42267300e-02 5.47527149e-03 1.26559557e-02
    2.91715283e-03 1.24315592e-02 1.42267300e-02 1.09056644e-02
    1.62462965e-02 3.35248187e-02 5.60990907e-03 2.46387217e-02
    1.07710261e-03 1.55282291e-02 1.06363883e-02 0. 1.90736912e-02
    6.14846032e-03 5.83430566e-03 8.84121750e-03 3.59034166e-04
    1.07261473e-02 2.60299770e-03 7.44995894e-03 2.73763575e-03
    1.16686116e-03 9.64904390e-03 6.32797740e-03 1.44960061e-02
    3.27618700e-03 1.72336400e-02 1.35984207e-02 1.92532074e-02</data></hist_h>
<hist_s type_id="opencv-matrix">
  <rows>50</rows>
  <cols>1</cols>
  <dt>f</dt>
  <data>
    5.66221923e-02 0. 3.54702249e-02 1.04458183e-01 1.44484222e-01
    1.97526857e-01 2.46664509e-01 2.67816454e-01 3.89521629e-01
    3.61861378e-01 3.23462397e-01 4.14578587e-01 4.08070296e-01
    4.70875353e-01 4.31825578e-01 4.78359908e-01 5.65896571e-01
    5.01789808e-01 5.21640122e-01 5.82167268e-01 5.75658977e-01
    6.45297766e-01 6.58965230e-01 7.25675285e-01 7.22095668e-01 1.
    8.33387613e-01 8.65603685e-01 8.67881596e-01 8.53237927e-01
    8.45102549e-01 7.86853254e-01 7.18516111e-01 8.03124011e-01
    5.67198217e-01 5.06671011e-01 4.43540514e-01 4.06117797e-01
    3.36804420e-01 3.07191670e-01 2.59355664e-01 2.66189396e-01
    1.72469899e-01 1.55548334e-01 1.42857149e-01 1.20078094e-01
    8.59095305e-02 8.46078768e-02 5.89000955e-02 8.42824638e-01</data></hist_s>
<hist_v type_id="opencv-matrix">
  <rows>100</rows>
  <cols>1</cols>
  <dt>f</dt>
  <data>
    5.20833395e-03 6.72348440e-02 1.45833343e-01 3.21022749e-01
    2.52367437e-01 4.73958343e-01 3.67897749e-01 7.51420498e-01
    9.62121248e-01 6.66666687e-01 1. 6.75189435e-01 9.84375060e-01
    6.14583373e-01 9.07196999e-01 6.06060624e-01 9.27083373e-01
    9.52178061e-01 6.57670498e-01 9.80113685e-01 6.40625000e-01
    9.55965936e-01 6.06060624e-01 9.22821999e-01 5.80018938e-01
    8.37594748e-01 8.44223499e-01 5.07102311e-01 7.07859874e-01
    4.92897749e-01 7.36742437e-01 4.69223499e-01 6.55776560e-01
    6.58143938e-01 4.09564406e-01 6.24053061e-01 3.88731062e-01
    5.86174250e-01 3.90625030e-01 5.67708373e-01 3.44223499e-01
    5.25094688e-01 4.95738655e-01 3.18181843e-01 4.79640156e-01
    2.98768938e-01 4.51704562e-01 2.61837125e-01 3.90151531e-01
    2.64204562e-01 3.79734874e-01 3.33806843e-01 2.32954562e-01
    3.25284094e-01 2.05965921e-01 2.85511374e-01 1.75189406e-01
    2.42424250e-01 2.47159094e-01 1.37784094e-01 2.10227281e-01
    1.26420468e-01 1.81344703e-01 1.03219703e-01 1.19318187e-01
    8.04924220e-02 1.11268938e-01 9.99053121e-02 5.96590899e-02
    8.00189376e-02 3.59848477e-02 5.44507578e-02 3.31439413e-02
    3.26704569e-02 2.22537890e-02 2.22537890e-02 2.41477285e-02
    1.56250000e-02 1.56250000e-02 3.31439404e-03 1.08901523e-02
    2.84090918e-03 8.04924220e-03 6.62878808e-03 0. 6.62878808e-03
    1.42045459e-03 6.62878808e-03 9.46969725e-04 3.78787890e-03
    9.46969725e-04 3.78787890e-03 4.73484863e-03 3.78787890e-03
    5.68181835e-03 1.89393945e-03 1.18371211e-02 4.26136330e-03
    8.99621285e-03 3.92992422e-02</data></hist_v>
</opencv_storage>
