<?xml version="1.0"?>
<opencv_storage>
<hist_h type_id="opencv-matrix">
  <rows>50</rows>
  <cols>1</cols>
  <dt>f</dt>
  <data>
    2.17882544e-01 1.73385412e-01 1.76942393e-01 8.61905396e-01
    6.41093552e-01 9.99999940e-01 9.04240429e-01 4.33045030e-01
    4.42948788e-01 9.42530334e-01 2.18231261e-01 1.58390284e-01
    5.60050197e-02 8.82968307e-02 8.07643980e-02 1.48277298e-01
    5.52378297e-02 1.13683920e-02 4.19165865e-02 5.02859540e-02
    5.99804744e-02 3.07574254e-02 2.24926770e-01 5.00767194e-02
    3.48026231e-02 8.69019404e-02 5.40521704e-02 2.96415109e-02
    1.40186906e-01 5.31454869e-02 8.85060653e-02 5.38429357e-02
    1.12289023e-02 4.42879051e-02 4.59617786e-02 2.49686129e-02
    2.71307006e-02 4.53340728e-03 1.98772475e-02 1.11591574e-02
    1.80638842e-02 1.76454168e-02 0. 2.20393352e-02 3.35472189e-02
    4.79843765e-02 1.19960941e-02 9.17840675e-02 3.93360294e-02
    3.64764966e-02</data></hist_h>
<hist_s type_id="opencv-matrix">
  <rows>50</rows>
  <cols>1</cols>
  <dt>f</dt>
  <data>
    3.70378166e-01 1. 9.09873962e-01 7.98214316e-01 7.60084033e-01
    6.73634470e-01 6.23214304e-01 6.37605071e-01 7.68277347e-01
    5.94852984e-01 5.58088243e-01 6.67647064e-01 4.35714304e-01
    4.30462211e-01 3.64285737e-01 3.70378166e-01 3.40651274e-01
    2.62079835e-01 2.09348738e-01 1.84873939e-01 1.89495787e-01
    1.33298308e-01 1.19747899e-01 1.10504203e-01 9.03361365e-02
    1.09873950e-01 7.54201710e-02 6.57563061e-02 5.29411770e-02
    4.96848747e-02 3.73949595e-02 3.29831950e-02 2.93067247e-02
    3.07773128e-02 2.10084040e-02 1.74369756e-02 1.41806733e-02
    1.30252112e-02 1.03991600e-02 1.15546221e-02 6.19747955e-03
    8.40336177e-03 5.46218548e-03 4.51680645e-03 3.78151261e-03
    3.78151261e-03 2.62605050e-03 1.05042011e-03 0. 9.40126032e-02</data></hist_s>
<hist_v type_id="opencv-matrix">
  <rows>100</rows>
  <cols>1</cols>
  <dt>f</dt>
  <data>
    0. 2.14895494e-02 1.58963799e-02 4.09184583e-02 3.38534005e-02
    9.68501568e-02 7.50662386e-02 1.71033263e-01 2.97615528e-01
    8.79599631e-01 1. 3.38533998e-01 3.87106240e-01 2.29908749e-01
    3.19988221e-01 1.93994701e-01 2.92611122e-01 2.82013535e-01
    1.69561371e-01 2.73182213e-01 1.89873412e-01 2.83779800e-01
    1.86340883e-01 3.03503066e-01 2.12834850e-01 3.30585808e-01
    3.42949659e-01 2.31086239e-01 3.52369726e-01 2.52281398e-01
    4.20370907e-01 2.89961725e-01 4.54518676e-01 4.91021484e-01
    3.18810701e-01 5.56667686e-01 3.62378538e-01 5.74624658e-01
    3.87400627e-01 6.04651153e-01 4.12128329e-01 6.27023876e-01
    6.60288513e-01 4.19487774e-01 6.29084468e-01 4.06240791e-01
    6.29673243e-01 4.14777726e-01 6.35855198e-01 3.94465685e-01
    5.91404200e-01 5.86399794e-01 3.74742389e-01 5.52840769e-01
    3.61495405e-01 5.14571667e-01 3.37945223e-01 5.01030326e-01
    4.57462460e-01 2.86134809e-01 4.46864873e-01 2.62290239e-01
    3.88283759e-01 2.43155733e-01 3.65616709e-01 2.27848098e-01
    3.34412694e-01 2.98204273e-01 1.88401535e-01 2.96143651e-01
    1.84869006e-01 2.92316735e-01 1.74860165e-01 2.59935230e-01
    1.56903148e-01 2.53458917e-01 2.45510742e-01 1.46894321e-01
    2.24904329e-01 1.47188693e-01 2.35207543e-01 1.42773032e-01
    2.50809520e-01 2.63467759e-01 1.50426850e-01 2.55813926e-01
    1.90167800e-01 2.97321141e-01 2.09596708e-01 3.55607867e-01
    2.65528381e-01 4.51574892e-01 4.80129510e-01 3.19399446e-01
    4.64233130e-01 2.33735636e-01 2.83485413e-01 1.12746537e-01
    1.30703568e-01 1.63085073e-01</data></hist_v>
</opencv_storage>
