<?xml version="1.0"?>
<opencv_storage>
<hist_h type_id="opencv-matrix">
  <rows>50</rows>
  <cols>1</cols>
  <dt>f</dt>
  <data>
    2.21475656e-03 6.74380967e-03 2.41134744e-02 3.20766449e-01
    9.99999940e-01 3.19372892e-01 1.64986923e-02 2.86176428e-03
    7.46547186e-04 4.72813234e-04 2.73733982e-04 4.97698129e-05
    7.46547157e-05 2.48849065e-05 2.48849065e-05 0. 0. 0. 0. 0. 0. 0. 0.
    0. 0. 0. 0. 0. 0. 0. 0. 2.48849065e-05 0. 0. 0. 0. 2.48849065e-05 0.
    0. 0. 0. 2.48849065e-05 0. 2.48849065e-05 0. 0. 0. 0. 2.48849065e-05
    2.98618863e-04</data></hist_h>
<hist_s type_id="opencv-matrix">
  <rows>50</rows>
  <cols>1</cols>
  <dt>f</dt>
  <data>
    2.17249617e-04 2.17249617e-04 0. 8.68998468e-04 1.52074732e-03
    4.34499234e-04 2.38974579e-03 2.82424502e-03 3.69324349e-03
    5.21399081e-03 9.77623276e-03 2.28112098e-02 3.84531841e-02
    6.86508790e-02 1.02976322e-01 1.09059304e-01 1.55116230e-01
    1.62937209e-01 1.80968925e-01 2.14642614e-01 2.30284601e-01
    2.74386257e-01 3.54116887e-01 4.42754716e-01 5.32044291e-01
    8.71170938e-01 8.71388197e-01 9.29828346e-01 1. 9.91744518e-01
    9.10058618e-01 8.50749493e-01 7.72539616e-01 8.16424072e-01
    5.68759501e-01 5.02281129e-01 3.96480560e-01 3.32609177e-01
    2.71779269e-01 2.48750806e-01 2.09211379e-01 1.99000657e-01
    1.40126005e-01 1.27742767e-01 1.09493807e-01 8.95068422e-02
    8.23376030e-02 6.73473775e-02 5.93091473e-02 4.59700197e-01</data></hist_s>
<hist_v type_id="opencv-matrix">
  <rows>100</rows>
  <cols>1</cols>
  <dt>f</dt>
  <data>
    0. 0. 4.14765644e-04 4.14765644e-04 4.14765644e-04 4.14765644e-04 0.
    1.24429690e-03 1.24429690e-03 0. 2.07382813e-03 1.65906257e-03
    4.97718761e-03 6.63625030e-03 1.11986725e-02 1.20282033e-02
    1.82496887e-02 2.65450012e-02 2.98631266e-02 4.35503908e-02
    4.06470336e-02 6.38739094e-02 5.51638305e-02 9.16632041e-02
    7.05101565e-02 1.57610938e-01 1.72957271e-01 1.34384066e-01
    1.87474072e-01 1.34384066e-01 2.06138521e-01 1.30236417e-01
    2.09871411e-01 1.86229780e-01 1.28577352e-01 1.95354626e-01
    1.39776021e-01 2.07382828e-01 1.47241801e-01 2.58813769e-01
    1.89962670e-01 2.94898361e-01 3.03608447e-01 2.22314388e-01
    3.39278311e-01 2.43882194e-01 3.56283695e-01 2.52177507e-01
    3.65408540e-01 2.38490239e-01 3.73703837e-01 3.50476980e-01
    2.37660721e-01 3.60016584e-01 2.40978837e-01 3.77021968e-01
    2.43052661e-01 3.93197834e-01 4.25134778e-01 2.44296968e-01
    4.18498546e-01 2.87017822e-01 4.87349629e-01 3.33886355e-01
    4.82787222e-01 3.30153465e-01 4.82372433e-01 5.50808787e-01
    3.54624629e-01 6.03069246e-01 4.13521349e-01 5.93944430e-01
    4.27623391e-01 6.49108231e-01 4.63707983e-01 6.67772710e-01
    6.94732428e-01 4.66196597e-01 6.76068008e-01 4.42554951e-01
    6.70676053e-01 4.48361665e-01 6.90170050e-01 6.31688058e-01
    4.34259623e-01 6.55744493e-01 4.01907921e-01 5.52053094e-01
    3.71630013e-01 5.23849010e-01 3.33471566e-01 5.01036882e-01
    4.08958912e-01 2.64620483e-01 3.97760242e-01 2.09871411e-01
    3.18125248e-01 1.94939852e-01 2.79552042e-01 9.99999940e-01</data></hist_v>
</opencv_storage>
