<?xml version="1.0"?>
<opencv_storage>
<hist_h type_id="opencv-matrix">
  <rows>50</rows>
  <cols>1</cols>
  <dt>f</dt>
  <data>
    1.39907792e-01 1.30512953e-01 5.52121103e-01 1. 2.18053181e-02
    5.50932251e-03 3.91451875e-03 3.76953627e-04 2.20372900e-03
    3.76953627e-04 1.27584313e-03 6.37921563e-04 4.92939376e-04
    1.47881813e-03 2.89964337e-05 8.69892974e-05 2.02975032e-04 0.
    2.02975032e-04 1.44982172e-04 9.27885878e-04 0. 2.31971469e-04
    1.44982172e-04 1.44982172e-04 2.89964327e-03 2.60967901e-03
    7.24910817e-04 1.21205095e-02 8.98889441e-04 8.75692256e-03
    3.94351501e-03 3.76953627e-04 2.02975026e-03 6.66918000e-04
    8.98889441e-04 4.92939376e-04 3.76953627e-04 8.98889441e-04
    6.08925126e-04 7.82903691e-04 2.60967907e-04 8.69892974e-05
    5.50932251e-04 1.15985735e-04 1.62380026e-03 5.21935814e-04
    8.40896566e-04 2.34871102e-03 5.59631176e-03</data></hist_h>
<hist_s type_id="opencv-matrix">
  <rows>50</rows>
  <cols>1</cols>
  <dt>f</dt>
  <data>
    7.20030487e-01 9.10996795e-02 5.18391505e-02 6.99447319e-02
    2.24890430e-02 3.14465389e-02 1.60091463e-02 1.77244153e-02
    4.25004736e-02 3.06842010e-02 3.41147333e-02 3.83076072e-02
    3.12559530e-02 3.86887714e-02 5.66037744e-02 7.90928155e-02
    1.27310842e-01 1.38364777e-01 1.86963975e-01 2.55574614e-01
    3.61921072e-01 4.86754298e-01 6.82866395e-01 8.39146137e-01
    8.40670824e-01 9.99999940e-01 7.30512679e-01 6.16161585e-01
    5.41642845e-01 4.52258408e-01 4.02706295e-01 3.57728213e-01
    3.23041737e-01 3.52963597e-01 2.59958059e-01 2.18029350e-01
    1.81437016e-01 1.61616161e-01 1.36840105e-01 9.96760055e-02
    8.57632980e-02 7.92834014e-02 5.08862212e-02 3.79264355e-02
    2.93501038e-02 1.94396805e-02 1.63903181e-02 7.81398825e-03 0.
    2.10977703e-01</data></hist_s>
<hist_v type_id="opencv-matrix">
  <rows>100</rows>
  <cols>1</cols>
  <dt>f</dt>
  <data>
    2.16937866e-02 4.25531939e-02 1.86264515e-09 1.12640820e-02
    6.25782274e-03 3.83813083e-02 1.83562804e-02 2.04422195e-02
    2.46141013e-02 1.29328333e-02 2.83687953e-02 1.33500230e-02
    2.75344197e-02 1.08468924e-02 2.46141013e-02 1.16812699e-02
    2.92031709e-02 3.37922424e-02 1.54359620e-02 3.04547381e-02
    1.33500230e-02 2.54484769e-02 2.37797257e-02 3.79641205e-02
    2.54484769e-02 4.63078842e-02 6.13266602e-02 4.42219451e-02
    6.96704239e-02 4.38047573e-02 9.21985805e-02 5.84063381e-02
    1.10554859e-01 1.12640798e-01 8.38548169e-02 1.42678350e-01
    1.02211095e-01 1.64372131e-01 1.06382981e-01 2.09011272e-01
    1.15143925e-01 2.21109718e-01 1.93992496e-01 1.36003345e-01
    2.04005003e-01 1.45598665e-01 2.42803499e-01 1.63954943e-01
    2.77430147e-01 2.37797245e-01 1. 5.54025888e-01 2.63245732e-01
    4.05924082e-01 2.31956616e-01 3.66291225e-01 2.15269089e-01
    3.16645831e-01 2.95786411e-01 2.06925333e-01 3.04964572e-01
    1.98581561e-01 3.35002095e-01 2.43220702e-01 3.63788098e-01
    2.56153554e-01 4.10930365e-01 4.30538207e-01 3.23738039e-01
    5.26908636e-01 3.58364642e-01 5.71130633e-01 3.87150615e-01
    6.64997935e-01 4.79349196e-01 8.09345067e-01 7.74301231e-01
    5.41927457e-01 7.94326246e-01 5.76971233e-01 7.99332500e-01
    5.28994620e-01 8.09345067e-01 7.53859043e-01 4.96453941e-01
    6.66249514e-01 4.76846069e-01 6.39966667e-01 3.82144362e-01
    5.34835219e-01 3.14142704e-01 4.25949126e-01 3.62953722e-01
    2.14434713e-01 3.19148958e-01 1.46850228e-01 2.04422191e-01
    1.13057986e-01 1.44347101e-01 3.91322494e-01</data></hist_v>
</opencv_storage>
