<?xml version="1.0"?>
<opencv_storage>
<hist_h type_id="opencv-matrix">
  <rows>50</rows>
  <cols>1</cols>
  <dt>f</dt>
  <data>
    9.78776533e-03 5.61797759e-03 2.94631696e-03 1.57802757e-02
    1.38576785e-02 3.11360788e-02 4.02247161e-02 2.85143573e-02
    8.50936323e-02 2.60998726e-01 7.11535573e-01 1. 2.16629222e-01
    5.19101098e-02 2.30461936e-02 2.67415736e-02 1.33333337e-02
    8.78901407e-03 2.49937586e-02 1.50312111e-02 2.32958812e-02
    1.31585523e-02 2.35955063e-02 2.45443210e-02 2.08489392e-02
    4.28214706e-02 4.10237201e-02 2.62421984e-02 5.09363301e-02
    1.94756556e-02 2.51935087e-02 1.86017491e-02 4.96878894e-03
    1.33333337e-02 8.86392035e-03 6.31710375e-03 6.24219701e-03
    7.74032495e-04 4.49438207e-03 1.47315860e-03 2.04744074e-03
    4.99375805e-04 0. 2.19725328e-03 6.99126103e-04 4.76903887e-03
    5.49313379e-04 2.04744074e-03 3.27091129e-03 1.77278393e-03</data></hist_h>
<hist_s type_id="opencv-matrix">
  <rows>50</rows>
  <cols>1</cols>
  <dt>f</dt>
  <data>
    2.63157874e-01 7.66456485e-01 9.31534946e-01 8.67614686e-01
    7.00043976e-01 4.68406379e-01 3.03181350e-01 2.12432176e-01
    1.90001458e-01 1.12153634e-01 8.59111547e-02 7.13971555e-02
    5.70297576e-02 5.11655174e-02 5.10189123e-02 4.80867885e-02
    4.92596366e-02 3.63583043e-02 4.38352115e-02 4.89664264e-02
    6.30405992e-02 8.04867297e-02 1.10540971e-01 1.40888423e-01
    1.93666607e-01 3.49508852e-01 3.93783897e-01 5.13121247e-01
    6.29526436e-01 7.53261924e-01 8.37120593e-01 8.59258115e-01
    8.56619239e-01 9.99999940e-01 7.43146122e-01 6.78932667e-01
    5.69857776e-01 4.85559285e-01 4.19733167e-01 3.34261835e-01
    2.69022137e-01 2.43659288e-01 1.47485688e-01 1.07022420e-01
    7.25699961e-02 4.72071506e-02 2.81483643e-02 1.42207891e-02 0.
    2.93212011e-03</data></hist_s>
<hist_v type_id="opencv-matrix">
  <rows>100</rows>
  <cols>1</cols>
  <dt>f</dt>
  <data>
    0. 1.70735875e-04 1.79272669e-03 5.37818018e-03 4.60986886e-03
    8.02458636e-03 5.03670843e-03 5.12207625e-03 5.03670843e-03
    3.32934968e-03 5.12207625e-03 3.75618925e-03 4.86597233e-03
    3.15861357e-03 8.10995419e-03 4.69523668e-03 8.45142547e-03
    9.21973772e-03 5.03670843e-03 1.01587847e-02 6.06112368e-03
    9.13436897e-03 7.42701069e-03 1.05002560e-02 5.97575586e-03
    1.06709925e-02 1.32320300e-02 9.90268029e-03 1.55369649e-02
    1.16100395e-02 1.59638040e-02 9.73194465e-03 1.65613797e-02
    2.01468337e-02 1.14393039e-02 1.79272667e-02 1.45125492e-02
    2.71470044e-02 1.87809467e-02 2.68909000e-02 2.23663989e-02
    4.11473475e-02 4.46474329e-02 3.32081281e-02 5.69404140e-02
    4.60133180e-02 8.81850794e-02 7.55506232e-02 1.46320641e-01
    1.24551818e-01 2.69848049e-01 3.75704288e-01 3.03995222e-01
    5.82294703e-01 4.68499243e-01 8.04848909e-01 5.98685324e-01 1.
    9.41608369e-01 5.30390978e-01 6.26173794e-01 2.87519217e-01
    2.86238700e-01 1.30783677e-01 1.42479092e-01 8.03312287e-02
    1.13710091e-01 1.05685510e-01 6.94041327e-02 1.01843953e-01
    6.47942647e-02 9.16851684e-02 5.86477742e-02 8.09288025e-02
    5.27573861e-02 7.15383291e-02 6.54772073e-02 4.41352241e-02
    6.63308874e-02 3.79033647e-02 6.39405847e-02 4.49035354e-02
    6.49650022e-02 6.24893308e-02 3.85863073e-02 5.75379916e-02
    3.16715054e-02 4.18302901e-02 2.81714201e-02 4.13180813e-02
    2.66347975e-02 3.55984308e-02 3.85863073e-02 2.39883903e-02
    3.42325419e-02 2.06590407e-02 2.43298616e-02 1.34881344e-02
    1.77565310e-02 2.00614650e-02</data></hist_v>
</opencv_storage>
