<?xml version="1.0"?>
<opencv_storage>
<hist_h type_id="opencv-matrix">
  <rows>50</rows>
  <cols>1</cols>
  <dt>f</dt>
  <data>
    3.90213318e-02 7.40275998e-03 4.39146766e-03 2.03262232e-02
    2.82308664e-02 1.31116673e-01 4.48306143e-01 8.50564599e-01
    9.99999940e-01 5.83437920e-01 4.13174421e-01 3.36135507e-01
    2.11417809e-01 2.55708903e-01 1.68255955e-01 2.16311157e-01
    2.04140514e-01 1.19447932e-01 2.01505631e-01 1.06649935e-01
    1.23839401e-01 5.69636151e-02 8.24341252e-02 6.42409027e-02
    5.43287322e-02 1.10539526e-01 1.47678792e-01 1.84567124e-01
    4.36637402e-01 2.29736507e-01 3.57465506e-01 1.84065238e-01
    8.90840590e-03 1.05520703e-01 1.44291092e-02 2.09535770e-02
    1.26725221e-02 3.13676288e-03 1.00376410e-02 1.50564616e-03
    2.50941026e-03 2.13299878e-03 0. 5.52070234e-03 2.25846935e-03
    9.28481761e-03 1.25470513e-04 2.76035140e-03 4.76787938e-03
    1.25470513e-04</data></hist_h>
<hist_s type_id="opencv-matrix">
  <rows>50</rows>
  <cols>1</cols>
  <dt>f</dt>
  <data>
    2.22384818e-02 7.69568458e-02 1.24945141e-01 1.29188001e-01
    1.25237763e-01 1.33284569e-01 1.33869797e-01 1.38405263e-01
    1.47329926e-01 1.05779089e-01 9.90490243e-02 1.13825910e-01
    1.26261890e-01 1.24213614e-01 1.28602773e-01 1.35625452e-01
    1.69422090e-01 1.27286047e-01 1.31821513e-01 1.63569868e-01
    1.48354083e-01 1.65910751e-01 1.67373806e-01 1.70592546e-01
    1.54206306e-01 2.70665705e-01 1.75128013e-01 1.70299947e-01
    1.58302873e-01 2.13167548e-01 1.55230433e-01 1.47329926e-01
    1.41477704e-01 1.92831039e-01 1.13094367e-01 1.42794460e-01
    9.18800309e-02 2.15215832e-01 7.76883736e-02 7.57863969e-02
    5.42794466e-02 1.54206306e-01 5.07681072e-02 3.40892524e-02
    2.80907154e-02 2.95537710e-02 1.63862519e-02 1.44842751e-02
    3.72529030e-09 1.</data></hist_s>
<hist_v type_id="opencv-matrix">
  <rows>100</rows>
  <cols>1</cols>
  <dt>f</dt>
  <data>
    1.27009153e-01 1. 4.46895689e-01 2.93413192e-01 1.50330931e-01
    2.77655214e-01 1.99495733e-01 3.26504886e-01 3.75984877e-01
    2.31011659e-01 3.91742826e-01 2.41727084e-01 3.66214931e-01
    2.12102115e-01 3.13898534e-01 1.74598157e-01 2.69461095e-01
    2.74188459e-01 1.51591539e-01 2.24393338e-01 1.41821623e-01
    2.29751021e-01 1.14087619e-01 2.06429243e-01 1.20705955e-01
    1.96659297e-01 1.88780338e-01 1.28584921e-01 1.86889380e-01
    1.25433356e-01 1.91301614e-01 1.24172710e-01 2.23447859e-01
    2.06114084e-01 1.39615506e-01 2.00441211e-01 1.34572953e-01
    2.08320200e-01 1.26693994e-01 2.08635360e-01 1.26693994e-01
    2.27544904e-01 2.19981104e-01 1.36148751e-01 1.99495733e-01
    1.20390795e-01 1.96974456e-01 1.09045066e-01 1.84998423e-01
    1.08414747e-01 1.81846827e-01 1.74913317e-01 1.02741890e-01
    1.60100847e-01 1.10936023e-01 1.63252443e-01 1.02741890e-01
    1.70185953e-01 1.60731167e-01 1.05893470e-01 1.71446592e-01
    1.03057049e-01 1.59155369e-01 8.85597244e-02 1.48124814e-01
    9.01355222e-02 1.51276380e-01 1.50646061e-01 7.46927187e-02
    1.23227231e-01 6.30318299e-02 1.12511821e-01 4.85345125e-02
    8.57232884e-02 5.16861007e-02 8.50929692e-02 7.21714497e-02
    2.77340040e-02 6.20863512e-02 1.70185938e-02 4.88496721e-02
    2.33217776e-02 3.87645736e-02 3.68736237e-02 4.41223010e-03
    3.12007591e-02 0. 2.61582136e-02 0. 1.73337534e-02 8.50929692e-03
    2.89946422e-02 3.37220281e-02 1.38670020e-02 4.38071266e-02
    2.99401209e-02 6.99653327e-02 4.60132360e-02 1.08099587e-01
    1.18184678e-01</data></hist_v>
</opencv_storage>
