<?xml version="1.0"?>
<opencv_storage>
<hist_h type_id="opencv-matrix">
  <rows>50</rows>
  <cols>1</cols>
  <dt>f</dt>
  <data>
    1.37626594e-02 2.91699134e-02 1.12178661e-01 5.85302532e-01
    3.79122317e-01 2.21241251e-01 3.05981129e-01 4.78230774e-01 1.
    6.06768847e-01 4.79356021e-01 1.55717134e-01 3.77391167e-02
    1.60997156e-02 5.45312930e-03 6.57837838e-03 1.21180655e-03
    2.59672815e-04 3.46230436e-03 1.38492172e-03 3.98164988e-03
    5.19345631e-04 3.80853470e-03 2.94295861e-03 2.68328586e-03
    6.40526274e-03 8.04985780e-03 3.20263137e-03 1.09928157e-02
    9.17510595e-03 1.04734702e-02 8.82887561e-03 2.16394011e-03
    4.41443780e-03 3.20263137e-03 2.33705551e-03 2.25049770e-03 0.
    2.68328586e-03 2.59672815e-04 8.65576090e-04 1.90426735e-03
    3.46230430e-04 1.64459459e-03 7.79018446e-04 4.41443780e-03
    6.05903275e-04 2.33705551e-03 3.80853470e-03 2.76984344e-03</data></hist_h>
<hist_s type_id="opencv-matrix">
  <rows>50</rows>
  <cols>1</cols>
  <dt>f</dt>
  <data>
    6.52116761e-02 7.80962408e-02 5.67972660e-02 7.12595358e-02
    1.27267957e-01 1.70917705e-01 2.05890089e-01 2.16145158e-01
    3.03707600e-01 3.08966607e-01 3.75755996e-01 4.12043154e-01
    5.29581904e-01 6.55535161e-01 7.22061574e-01 8.02524388e-01 1.
    8.49855423e-01 8.46437037e-01 8.10675800e-01 7.34946132e-01
    6.12148345e-01 5.18537998e-01 3.90218258e-01 3.37102294e-01
    3.20799381e-01 2.43491992e-01 2.40336582e-01 2.26926118e-01
    2.37181187e-01 2.38232985e-01 2.27452025e-01 2.10886151e-01
    2.19300568e-01 1.39100716e-01 1.03602424e-01 7.49408379e-02
    5.04864603e-02 2.76097823e-02 2.07730755e-02 1.39363669e-02
    7.09965825e-03 3.41835408e-03 1.57770189e-03 1.57770189e-03
    5.25900628e-04 7.88850943e-04 7.88850943e-04 0. 2.62950314e-04</data></hist_s>
<hist_v type_id="opencv-matrix">
  <rows>100</rows>
  <cols>1</cols>
  <dt>f</dt>
  <data>
    0. 0. 0. 0. 0. 0. 0. 0. 0. 0. 0. 0. 0. 8.70700926e-04 1.74140185e-03
    3.48280370e-03 1.39312148e-02 2.78624296e-02 3.22159342e-02
    8.09751898e-02 6.79146722e-02 1.30169794e-01 9.09882486e-02
    1.52808011e-01 9.40357000e-02 1.48019165e-01 1.58032224e-01
    9.88245532e-02 1.56290814e-01 1.08402267e-01 1.66303873e-01
    1.29299089e-01 1.97649106e-01 2.03308672e-01 1.36700049e-01
    2.02437967e-01 1.50195912e-01 2.38136709e-01 1.53678715e-01
    2.45537668e-01 1.68480635e-01 2.61645615e-01 2.86460608e-01
    1.99390516e-01 2.77753592e-01 2.11580321e-01 3.17805827e-01
    2.19416633e-01 3.40008706e-01 2.57292122e-01 3.89638662e-01
    4.24466699e-01 3.11710924e-01 5.04135847e-01 3.62646937e-01
    5.81192851e-01 4.16630387e-01 6.69569016e-01 7.02220321e-01
    5.20679176e-01 8.03656936e-01 5.58554649e-01 8.87679577e-01
    5.85546374e-01 8.99869382e-01 6.52154982e-01 9.62559879e-01 1.
    6.56508505e-01 9.57771003e-01 5.95559418e-01 8.51980865e-01
    4.80191559e-01 6.08184576e-01 3.19111884e-01 3.67000431e-01
    2.44666964e-01 1.12755768e-01 1.41488895e-01 6.13844171e-02
    6.87853694e-02 4.09229435e-02 4.96299528e-02 3.43926847e-02
    1.91554204e-02 2.56856773e-02 1.21898130e-02 2.00261213e-02
    1.00130606e-02 1.74140185e-02 9.57771018e-03 1.39312148e-02
    1.61079671e-02 1.13191120e-02 1.34958643e-02 1.08837616e-02
    2.30735745e-02 1.91554204e-02 3.30866352e-02 6.09490648e-02</data></hist_v>
</opencv_storage>
