<?xml version="1.0"?>
<opencv_storage>
<hist_h type_id="opencv-matrix">
  <rows>50</rows>
  <cols>1</cols>
  <dt>f</dt>
  <data>
    1. 6.25752866e-01 2.70780325e-01 3.43862921e-01 3.91112268e-01
    5.92290163e-01 3.53232473e-01 2.05059558e-01 3.27533096e-01
    3.99277180e-01 3.68893027e-01 2.39860788e-01 8.08459371e-02
    8.79400373e-02 2.69040298e-02 2.32900549e-02 3.96198630e-02
    7.89720193e-03 4.08245176e-02 1.57944039e-02 7.06732720e-02
    5.52804172e-02 1.10293135e-01 6.73270002e-02 8.12474936e-02
    2.88850218e-01 2.70646483e-01 2.37986878e-01 5.51599503e-01
    3.45602989e-01 5.83991408e-01 2.14027569e-01 2.40931604e-02
    1.03199035e-01 3.86829078e-02 3.37304249e-02 4.02891189e-02 0.
    9.14201587e-02 6.82639517e-03 1.84714217e-02 1.23142824e-02
    1.07080676e-03 7.01378658e-02 4.40369397e-02 9.90496576e-02
    1.50180697e-01 2.63016969e-01 5.41159153e-01 7.65091658e-01</data></hist_h>
<hist_s type_id="opencv-matrix">
  <rows>50</rows>
  <cols>1</cols>
  <dt>f</dt>
  <data>
    2.60726929e-01 4.28571463e-01 4.55073208e-01 4.63654757e-01
    5.22211015e-01 7.23119676e-01 7.02927828e-01 7.03685045e-01
    7.00656295e-01 5.69157004e-01 5.81019700e-01 6.05249882e-01
    5.42907655e-01 5.06562352e-01 4.34628993e-01 4.66178715e-01
    5.52498758e-01 4.40434158e-01 4.53306437e-01 4.68955100e-01
    3.97021741e-01 4.09136832e-01 4.50530052e-01 4.17970747e-01
    3.89449805e-01 5.80767334e-01 4.08884436e-01 4.34376597e-01
    3.85411441e-01 3.88440192e-01 3.48308951e-01 3.66481602e-01
    3.51337731e-01 4.88894522e-01 3.58909667e-01 3.45784962e-01
    2.50126213e-01 2.27410406e-01 1.54215053e-01 1.57496229e-01
    9.11156088e-02 1.26198903e-01 1.16607785e-01 7.52145499e-02
    7.49621391e-02 9.56587642e-02 4.26552258e-02 2.06966214e-02
    1.86264515e-09 1.</data></hist_s>
<hist_v type_id="opencv-matrix">
  <rows>100</rows>
  <cols>1</cols>
  <dt>f</dt>
  <data>
    2.22922266e-02 1.75187796e-01 1.96510792e-01 4.25733000e-01
    2.96098888e-01 4.68136698e-01 2.61933625e-01 3.77513945e-01
    3.92052352e-01 2.49575973e-01 3.96656185e-01 2.42064476e-01
    3.64429384e-01 2.32372195e-01 3.73637050e-01 2.33099103e-01
    3.52798671e-01 3.42621773e-01 2.18076110e-01 3.13787282e-01
    1.78337783e-01 2.80591249e-01 1.71310872e-01 2.79622018e-01
    1.67433977e-01 2.41822153e-01 2.34795272e-01 1.40053302e-01
    2.08141506e-01 1.27937973e-01 1.96026176e-01 1.13399573e-01
    1.62587851e-01 1.63557053e-01 8.65035132e-02 1.65495515e-01
    9.81342420e-02 1.66707069e-01 1.00799613e-01 1.67918593e-01
    9.28034857e-02 1.59922451e-01 1.60891682e-01 9.47419479e-02
    1.63799375e-01 8.28689113e-02 1.48776352e-01 7.63266310e-02
    1.45626366e-01 7.02689663e-02 1.28664881e-01 1.19941853e-01
    5.96074685e-02 1.14368789e-01 5.91228530e-02 1.11703418e-01
    6.13036156e-02 1.15580328e-01 1.37387931e-01 8.21419880e-02
    1.54107094e-01 8.81996676e-02 1.55803263e-01 8.02035406e-02
    1.28907204e-01 5.54882511e-02 9.42573324e-02 5.93651608e-02
    1.47807151e-02 3.68306264e-02 2.90768221e-03 3.07729617e-02
    4.84615564e-04 1.72037780e-02 2.42307782e-04 2.03537717e-02
    1.98691562e-02 2.42307037e-03 1.98691562e-02 0. 2.35037580e-02
    9.44996625e-03 3.27114165e-02 4.04652283e-02 1.18730329e-02
    4.28882986e-02 1.86576247e-02 4.48267534e-02 1.76883936e-02
    6.32420704e-02 1.91422328e-02 7.82650933e-02 7.51150995e-02
    3.07729617e-02 1.11461110e-01 9.59534869e-02 2.34310657e-01
    2.10079968e-01 4.54325169e-01 1.</data></hist_v>
</opencv_storage>
