<?xml version="1.0"?>
<opencv_storage>
<hist_h type_id="opencv-matrix">
  <rows>50</rows>
  <cols>1</cols>
  <dt>f</dt>
  <data>
    4.10855673e-02 7.19939694e-02 4.02060598e-02 2.16610134e-01
    2.58449554e-01 7.64794588e-01 8.41688633e-01 6.53474033e-01 1.
    8.19826603e-01 2.25530848e-01 2.02035442e-01 6.88528717e-02
    1.10315368e-01 5.47807552e-02 7.55119994e-02 3.01545430e-02
    2.06056032e-02 8.84533301e-02 6.49579093e-02 1.24136202e-01
    7.13657513e-02 1.97260976e-01 2.29300171e-01 2.06935555e-01
    7.12652326e-01 8.24977994e-01 6.42417371e-01 5.78590274e-01
    1.52783021e-01 9.71227586e-02 5.18909432e-02 6.91041630e-03
    3.29187103e-02 2.53800731e-02 1.83440130e-02 1.93491653e-02
    1.25643937e-03 2.03543156e-02 3.39238602e-03 2.76416633e-03
    1.00515154e-03 0. 9.67458263e-03 2.88981036e-03 4.23420072e-02
    1.13079534e-03 1.30669679e-02 1.89722329e-02 1.03028016e-02</data></hist_h>
<hist_s type_id="opencv-matrix">
  <rows>50</rows>
  <cols>1</cols>
  <dt>f</dt>
  <data>
    3.70630533e-01 6.92088962e-01 7.87757158e-01 8.39939773e-01
    8.15019250e-01 8.26894104e-01 8.16022754e-01 7.17009544e-01 1.
    9.14366961e-01 8.36929262e-01 6.75196528e-01 5.26007712e-01
    4.50075269e-01 3.79829407e-01 3.50058526e-01 3.39856148e-01
    2.60076940e-01 2.18932927e-01 2.02542230e-01 1.64576024e-01
    1.39488205e-01 1.18916206e-01 9.98494700e-02 7.15838745e-02
    8.11172426e-02 5.73674515e-02 4.95066047e-02 3.76317091e-02
    3.49556766e-02 2.04047486e-02 2.15755142e-02 1.43836755e-02
    1.55544393e-02 9.86787025e-03 6.69008167e-03 5.51931746e-03
    5.51931746e-03 3.51229310e-03 3.51229310e-03 2.50878045e-03
    2.84328451e-03 1.50526839e-03 1.00351218e-03 5.01756091e-04
    1.50526839e-03 -5.82076609e-11 6.69008121e-04 3.34504060e-04
    1.22093987e-02</data></hist_s>
<hist_v type_id="opencv-matrix">
  <rows>100</rows>
  <cols>1</cols>
  <dt>f</dt>
  <data>
    6.42673462e-04 1.92802062e-03 0. 8.35475605e-03 1.28534706e-02
    2.05655526e-02 3.34190205e-02 7.06940889e-02 1.10539846e-01
    1.04755789e-01 2.10154250e-01 1.88303351e-01 4.01670963e-01
    2.97557831e-01 4.85861182e-01 3.84318769e-01 6.57454967e-01
    7.08226204e-01 5.00642657e-01 7.55141377e-01 5.58483243e-01
    8.20051372e-01 5.38560390e-01 7.76349604e-01 5.26349604e-01
    8.24550092e-01 8.18766057e-01 5.57840586e-01 8.33547533e-01
    5.97686350e-01 8.57326448e-01 6.31105363e-01 9.06169653e-01
    9.29305911e-01 6.04113102e-01 8.68894577e-01 5.60411274e-01
    8.41902256e-01 5.55269897e-01 8.15552652e-01 4.94215935e-01
    7.66066790e-01 7.36503839e-01 5.07069409e-01 7.83419013e-01
    4.88431871e-01 7.67994821e-01 5.48200488e-01 7.67352164e-01
    5.04498661e-01 8.12339306e-01 7.61568069e-01 5.45629799e-01
    7.73136199e-01 5.08354723e-01 7.72493541e-01 5.26992261e-01
    8.04627240e-01 8.53470385e-01 5.30205607e-01 7.97557831e-01
    5.34061670e-01 8.18766057e-01 5.59768617e-01 8.70822608e-01
    5.88046253e-01 8.70179892e-01 9.54370141e-01 6.22107923e-01
    9.99999940e-01 6.70951128e-01 9.98071969e-01 6.50385559e-01
    9.10668373e-01 4.94858623e-01 6.65167093e-01 5.80334187e-01
    3.29048842e-01 4.57583547e-01 2.85989732e-01 4.13881749e-01
    3.09768647e-01 4.39588696e-01 3.99742931e-01 2.39074558e-01
    3.55398446e-01 1.90231368e-01 1.99871466e-01 1.06683806e-01
    1.62596405e-01 9.51156840e-02 1.49100259e-01 1.54241651e-01
    8.86889473e-02 1.17609255e-01 4.56298180e-02 7.26221129e-02
    4.56298180e-02 5.91259636e-02 6.87660724e-02</data></hist_v>
</opencv_storage>
