<?xml version="1.0"?>
<opencv_storage>
<hist_h type_id="opencv-matrix">
  <rows>50</rows>
  <cols>1</cols>
  <dt>f</dt>
  <data>
    4.83003911e-03 1.06099183e-02 2.49989890e-02 3.89838725e-01
    7.66339302e-02 4.66836430e-02 3.45782302e-02 3.91657576e-02 1.
    8.69002845e-03 2.22303061e-04 0. 0. 0. 0. 0. 0. 0. 0. 0. 0. 0. 0. 0.
    0. 0. 0. 0. 0. 0. 0. 0. 0. 0. 0. 0. 0. 0. 0. 0. 2.02093688e-05 0.
    2.82931171e-04 7.67956022e-04 6.26490451e-04 5.65862341e-04
    1.05088716e-03 9.90259112e-04 1.23277155e-03 1.23277155e-03</data></hist_h>
<hist_s type_id="opencv-matrix">
  <rows>50</rows>
  <cols>1</cols>
  <dt>f</dt>
  <data>
    8.92020907e-05 3.79108882e-04 4.50470578e-03 5.41902706e-03
    5.32982498e-03 6.11034315e-03 7.53757684e-03 7.98358675e-03
    1.07265515e-02 1.31350076e-02 2.23674234e-02 4.10329625e-02
    7.98135698e-02 1. 4.45564426e-02 1.66138895e-02 2.00704709e-02
    1.67030916e-02 1.75505113e-02 1.93122532e-02 2.12300979e-02
    2.58017052e-02 3.23134586e-02 3.81784961e-02 4.96855639e-02
    7.75166154e-02 6.44262135e-02 6.02337122e-02 4.50693555e-02
    2.75634453e-02 1.52535578e-02 7.38147320e-03 3.47888144e-03
    2.29695393e-03 1.13732670e-03 5.57513093e-04 2.45305739e-04
    2.67606287e-04 1.78404181e-04 4.46010454e-05 4.46010454e-05
    8.92020907e-05 2.23005227e-05 6.69015717e-05 4.46010454e-05
    6.69015717e-05 0. 6.69015717e-05 2.23005227e-05 5.12911996e-04</data></hist_s>
<hist_v type_id="opencv-matrix">
  <rows>100</rows>
  <cols>1</cols>
  <dt>f</dt>
  <data>
    0. 0. 0. 0. 4.19137832e-05 0. 0. 0. 2.09568916e-05 0. 4.19137832e-05
    0. 6.28706766e-05 2.09568916e-05 6.28706766e-05 4.19137832e-05
    8.38275664e-05 8.38275664e-05 0. 8.38275664e-05 0. 6.28706766e-05
    4.19137832e-05 1.25741353e-04 8.38275664e-05 1.04784456e-04
    8.38275664e-05 8.38275664e-05 1.67655133e-04 1.25741353e-04
    3.35310266e-04 1.88612030e-04 2.72439589e-04 4.82008501e-04
    5.02965413e-04 8.38275650e-04 4.82008501e-04 9.64017003e-04
    7.12534296e-04 1.19454286e-03 1.25741353e-03 1.92803401e-03
    1.67655130e-03 1.42506859e-03 2.09568907e-03 1.63463759e-03
    2.87109404e-03 1.92803401e-03 3.10161989e-03 2.22143042e-03
    4.63147322e-03 4.58955904e-03 3.29023204e-03 5.65836066e-03
    4.82008513e-03 7.81692099e-03 5.38592134e-03 8.69711023e-03
    8.96955002e-03 7.43969670e-03 1.16101177e-02 9.40964464e-03
    1.41249448e-02 1.06461011e-02 1.85258929e-02 1.31190140e-02
    2.19209082e-02 2.55254935e-02 1.85887627e-02 3.03874929e-02
    2.00347882e-02 3.15610804e-02 2.11874172e-02 3.12676840e-02
    2.06425376e-02 3.05761043e-02 2.86690276e-02 1.73313487e-02
    2.58188900e-02 1.41039882e-02 1.93432104e-02 1.05622737e-02
    1.43345138e-02 1.15891611e-02 6.76907599e-03 8.92763585e-03
    4.67338692e-03 6.64333487e-03 3.77224060e-03 5.07156784e-03
    3.31118889e-03 5.13443863e-03 4.79912804e-03 2.78726663e-03
    6.24515349e-03 5.07156784e-03 1.13586355e-02 1.34124104e-02
    5.61015978e-02 1.</data></hist_v>
</opencv_storage>
