<?xml version="1.0"?>
<opencv_storage>
<hist_h type_id="opencv-matrix">
  <rows>50</rows>
  <cols>1</cols>
  <dt>f</dt>
  <data>
    2.64980406e-01 4.92981851e-01 5.93231201e-01 1. 7.02315688e-01
    7.02458143e-01 5.10865688e-01 2.99180627e-01 1.92589954e-01
    9.59743559e-02 1.10224441e-01 1.42928392e-01 1.38012111e-01
    1.64517283e-01 5.68578579e-02 4.05415036e-02 2.30851453e-02
    9.19130724e-03 1.18988240e-02 9.26255807e-03 4.84503061e-03
    2.70751724e-03 4.27502720e-03 2.92126858e-03 6.41254068e-04
    4.56002867e-03 2.77876761e-03 5.82076609e-11 6.98254397e-03
    1.28250825e-03 6.12753863e-03 2.85001788e-02 4.34627756e-03
    1.96651239e-02 2.28001438e-02 1.28250802e-02 1.45350909e-02
    4.91628097e-03 1.04025649e-02 6.91129314e-03 1.06163165e-02
    5.91378706e-03 3.99002526e-03 1.86676178e-02 1.12575702e-02
    2.24438906e-02 1.70288570e-02 3.06376927e-02 5.50053455e-02
    8.27930197e-02</data></hist_h>
<hist_s type_id="opencv-matrix">
  <rows>50</rows>
  <cols>1</cols>
  <dt>f</dt>
  <data>
    0. 1.03433989e-03 1.24120805e-02 1.77906509e-02 2.48241629e-02
    4.07529995e-02 5.29582128e-02 5.81299141e-02 1.13363676e-01
    1.15225486e-01 1.37360364e-01 2.00248241e-01 2.41414979e-01
    2.54861385e-01 2.69342154e-01 3.28713268e-01 4.22010750e-01
    4.02772009e-01 4.55523372e-01 5.00827491e-01 5.53578854e-01
    6.18535399e-01 7.15349615e-01 7.67066658e-01 7.87339687e-01 1.
    8.04302871e-01 8.07612777e-01 7.63549864e-01 7.08316088e-01
    6.37980998e-01 5.71783245e-01 4.68762934e-01 5.06619811e-01
    3.56019855e-01 2.95200646e-01 2.66652852e-01 2.24865541e-01
    1.83078200e-01 1.64046347e-01 1.28051311e-01 1.37980968e-01
    9.35043395e-02 8.44021514e-02 6.47496879e-02 6.72321022e-02
    5.08895293e-02 2.93752570e-02 2.35829521e-02 6.98800206e-01</data></hist_s>
<hist_v type_id="opencv-matrix">
  <rows>100</rows>
  <cols>1</cols>
  <dt>f</dt>
  <data>
    0. 9.06466544e-02 1.10277131e-01 2.62702107e-01 2.17667446e-01
    3.70092392e-01 2.72517323e-01 4.13394928e-01 3.25635076e-01
    1.82448044e-01 2.89260983e-01 1.77829102e-01 2.78290987e-01
    1.98614314e-01 3.59699786e-01 2.62702107e-01 4.55542743e-01
    4.76327956e-01 3.29099298e-01 5.54849863e-01 3.98960710e-01
    6.69745922e-01 4.86143172e-01 7.84064651e-01 5.19053102e-01
    8.93187046e-01 9.03002262e-01 6.09699726e-01 9.03002262e-01
    6.22979224e-01 9.47459579e-01 6.07390285e-01 9.13972259e-01
    9.03002262e-01 5.90069294e-01 9.09930706e-01 5.95265567e-01
    9.23787534e-01 6.05080843e-01 9.18013811e-01 6.13163948e-01
    9.09353316e-01 1. 6.04503453e-01 9.53810632e-01 6.43187046e-01
    9.46304858e-01 6.12586558e-01 9.24942255e-01 5.79676628e-01
    8.42956126e-01 8.46420288e-01 5.50808311e-01 8.09468806e-01
    5.06350994e-01 7.71939933e-01 4.93648946e-01 6.93417966e-01
    6.53579652e-01 3.71824503e-01 5.77367187e-01 3.49307179e-01
    5.18475711e-01 3.07736695e-01 4.32448030e-01 2.54618943e-01
    4.06466484e-01 3.94919157e-01 2.24018469e-01 3.38337183e-01
    2.09584296e-01 3.04272532e-01 2.08429560e-01 2.94457257e-01
    1.63394913e-01 2.70207822e-01 2.79445708e-01 1.44919172e-01
    2.58083165e-01 1.58775985e-01 2.29214773e-01 1.53002307e-01
    2.40184769e-01 2.06120089e-01 1.42609701e-01 2.20554277e-01
    1.50115475e-01 2.57505774e-01 1.53002307e-01 2.44803682e-01
    1.36836022e-01 2.45958433e-01 2.30369523e-01 1.25866055e-01
    2.28637412e-01 1.11431867e-01 1.82448044e-01 1.22979209e-01
    2.09584296e-01 5.73325634e-01</data></hist_v>
</opencv_storage>
