<?xml version="1.0"?>
<opencv_storage>
<hist_h type_id="opencv-matrix">
  <rows>50</rows>
  <cols>1</cols>
  <dt>f</dt>
  <data>
    1.41089398e-03 2.13947031e-03 8.11842270e-03 2.50734359e-01 1.
    8.19417119e-01 2.39111826e-01 9.13380384e-02 2.87961140e-02
    2.34185271e-02 5.45854028e-03 3.43471719e-03 1.53810566e-03
    2.26668199e-03 3.12247023e-04 1.05238811e-03 2.08164682e-04 0.
    3.35376419e-04 8.09529301e-05 2.31294092e-04 1.15647044e-05
    1.15647046e-04 2.08164682e-04 5.78235231e-05 8.09529301e-05
    8.09529301e-05 0. 5.78235231e-05 5.78235231e-05 8.09529301e-05
    6.93882248e-05 2.31294089e-05 3.46941124e-05 0. 1.15647044e-05 0. 0.
    2.31294089e-05 0. 1.15647044e-05 2.31294089e-05 0. 4.62588177e-05 0.
    6.93882248e-05 3.46941124e-05 2.31294089e-05 6.93882248e-05
    3.46941124e-05</data></hist_h>
<hist_s type_id="opencv-matrix">
  <rows>50</rows>
  <cols>1</cols>
  <dt>f</dt>
  <data>
    2.96346494e-04 0. 1.18538598e-03 2.15909560e-03 5.03788982e-03
    6.85830414e-03 1.36742732e-02 1.43093010e-02 3.52652296e-02
    2.90461868e-01 8.35824072e-01 9.99999940e-01 8.35189044e-01
    5.52813172e-01 3.96384567e-01 3.08793008e-01 2.77930647e-01
    1.91185802e-01 1.73659027e-01 1.67647436e-01 1.57783329e-01
    1.58376023e-01 1.68282464e-01 1.80136323e-01 1.92244187e-01
    2.47110620e-01 2.20905125e-01 2.23445237e-01 2.20481768e-01
    2.18830705e-01 2.18915373e-01 2.04606071e-01 1.85047194e-01
    1.96943402e-01 1.36869729e-01 1.31112143e-01 1.09902203e-01
    9.43228453e-02 7.86588192e-02 7.54413381e-02 6.07933626e-02
    6.61699325e-02 4.88124974e-02 3.86520475e-02 3.45878676e-02
    3.50958891e-02 2.34960411e-02 2.20989808e-02 1.59180388e-02
    1.52152747e-01</data></hist_s>
<hist_v type_id="opencv-matrix">
  <rows>100</rows>
  <cols>1</cols>
  <dt>f</dt>
  <data>
    0. 3.12012481e-03 9.12036374e-03 4.00816016e-02 5.34021333e-02
    9.69638824e-02 7.98031911e-02 1.47965908e-01 1.77727103e-01
    1.45325810e-01 2.65210599e-01 2.05448210e-01 3.77175093e-01
    2.82491297e-01 4.24456984e-01 2.82851309e-01 4.05856222e-01
    3.81495237e-01 2.29329169e-01 3.25332999e-01 2.06168234e-01
    3.01932067e-01 1.96447849e-01 2.83451319e-01 1.82527289e-01
    2.67370701e-01 2.66410649e-01 1.74966991e-01 2.43489727e-01
    1.60326406e-01 2.37489492e-01 1.46525860e-01 2.30529219e-01
    2.40489617e-01 1.56486258e-01 2.30889231e-01 1.50366008e-01
    2.30649218e-01 1.57086283e-01 2.42169678e-01 1.55766219e-01
    2.39289567e-01 2.32449293e-01 1.51206046e-01 2.28369132e-01
    1.42445698e-01 2.16968670e-01 1.47605896e-01 2.26449057e-01
    1.59006357e-01 2.29809180e-01 2.33529329e-01 1.55286208e-01
    2.18168721e-01 1.53486133e-01 2.27769107e-01 1.53486133e-01
    2.23448932e-01 2.32089281e-01 1.51686057e-01 2.12648496e-01
    1.43405735e-01 1.96807861e-01 1.31765261e-01 1.99327961e-01
    1.28645137e-01 1.95127800e-01 2.00408012e-01 1.42205685e-01
    2.11808473e-01 1.50486007e-01 2.33889356e-01 1.69446766e-01
    2.60650426e-01 1.92007676e-01 3.17652702e-01 3.50534022e-01
    2.71450847e-01 4.49177951e-01 3.39013547e-01 5.67022681e-01
    4.59138364e-01 7.65390575e-01 8.70514810e-01 6.38665557e-01
    9.99999940e-01 6.75626993e-01 9.38437521e-01 5.66662669e-01
    7.36469448e-01 4.01896060e-01 4.65978622e-01 3.12132478e-01
    1.48205921e-01 1.43165722e-01 6.31225258e-02 5.62822521e-02
    2.35209409e-02 2.08808351e-02 3.42013687e-02</data></hist_v>
</opencv_storage>
