<?xml version="1.0"?>
<opencv_storage>
<hist_h type_id="opencv-matrix">
  <rows>50</rows>
  <cols>1</cols>
  <dt>f</dt>
  <data>
    2.85933822e-01 2.10992917e-01 1.49408981e-01 3.94680858e-01
    5.52718699e-01 9.53309715e-01 4.00472820e-01 5.72104007e-02
    2.81323884e-02 4.00709212e-02 1.48936156e-02 2.69503538e-02
    3.54608521e-04 6.38297759e-03 5.91016375e-03 2.55319122e-02
    1.77304819e-03 0. 5.57919592e-02 2.76595745e-02 5.81560284e-02
    3.82978693e-02 1.20803781e-01 4.59692657e-01 8.36761236e-01 1.
    1.54728130e-01 4.52718660e-02 6.93853423e-02 1.76122915e-02
    2.76595745e-02 2.62411330e-02 2.24586260e-02 7.84869939e-02
    1.07801415e-01 2.22813234e-01 2.71867603e-01 1.69976369e-01
    2.03427896e-01 1.08983450e-01 1.13947980e-01 1.26950353e-01
    1.31560281e-01 2.15839252e-01 1.60283685e-01 1.21040188e-01
    1.04255319e-01 1.43735230e-01 3.03900719e-01 2.24231675e-01</data></hist_h>
<hist_s type_id="opencv-matrix">
  <rows>50</rows>
  <cols>1</cols>
  <dt>f</dt>
  <data>
    1.89732127e-02 1.00000012e+00 5.03090680e-01 4.22390141e-02
    8.24175775e-03 1.02163479e-02 1.65693723e-02 3.23660709e-02
    6.91105723e-02 5.38289882e-02 4.56730761e-02 6.23282976e-02
    6.34443760e-02 8.37912112e-02 7.88118094e-02 9.05734897e-02
    1.12122253e-01 9.19471085e-02 8.85130465e-02 1.03794649e-01
    1.04223907e-01 1.11778840e-01 1.07915521e-01 1.09632552e-01
    1.25257552e-01 1.77970469e-01 1.35302201e-01 1.40882552e-01
    1.44230768e-01 1.36418268e-01 1.20020598e-01 1.15212917e-01
    1.02592722e-01 1.06198490e-01 5.95810451e-02 4.57589291e-02
    2.83310451e-02 2.31799446e-02 1.62259601e-02 1.92307718e-02
    1.02163479e-02 1.64835192e-02 1.00446455e-02 1.24484897e-02
    2.13770606e-02 2.44677179e-02 0. 2.06902511e-02 4.21531610e-02
    9.70123559e-02</data></hist_s>
<hist_v type_id="opencv-matrix">
  <rows>100</rows>
  <cols>1</cols>
  <dt>f</dt>
  <data>
    0. 5.44721661e-05 5.44721661e-05 5.44721661e-05 4.90249484e-04
    1.03497121e-03 9.80498968e-04 3.26832989e-03 6.26429915e-03
    7.57163111e-03 2.39132810e-02 2.43490580e-02 6.45495132e-02
    7.26113990e-02 1.50561064e-01 9.73417610e-02 1.22398958e-01
    1.08072780e-01 6.96154311e-02 9.72328186e-02 6.45495132e-02
    9.57620665e-02 6.44950420e-02 9.70693976e-02 6.02462143e-02
    8.96611884e-02 7.39187300e-02 4.62468676e-02 6.51487112e-02
    4.03638743e-02 5.27835302e-02 2.85434145e-02 4.23248746e-02
    3.73679064e-02 2.33685598e-02 3.51345465e-02 2.13530883e-02
    3.24654095e-02 2.14075614e-02 3.44264098e-02 2.24970039e-02
    3.37182693e-02 3.61695178e-02 2.26604212e-02 3.31735499e-02
    2.20612269e-02 3.26832980e-02 2.41311695e-02 3.21385786e-02
    2.40222253e-02 3.51345465e-02 3.27377729e-02 2.15709787e-02
    3.30101326e-02 2.03181189e-02 3.31190787e-02 1.96644515e-02
    2.90336646e-02 3.26832980e-02 1.96099803e-02 2.83799991e-02
    1.85750090e-02 2.53840294e-02 1.69953164e-02 2.63645276e-02
    1.77579261e-02 2.37498637e-02 2.45124754e-02 1.56335123e-02
    2.45124754e-02 1.54700950e-02 2.42945869e-02 1.49798458e-02
    2.44580023e-02 1.50887901e-02 2.65824161e-02 2.66368892e-02
    1.73766203e-02 2.72360835e-02 2.20067557e-02 3.07767745e-02
    2.17343941e-02 3.45898271e-02 3.36637981e-02 2.12441441e-02
    3.42085212e-02 2.11351998e-02 3.13214958e-02 1.98278688e-02
    3.17572728e-02 2.16254499e-02 3.66597660e-02 4.25972342e-02
    3.17572728e-02 5.38185015e-02 3.56792696e-02 5.36006130e-02
    3.85662951e-02 9.15677100e-02 1.</data></hist_v>
</opencv_storage>
