<?xml version="1.0"?>
<opencv_storage>
<hist_h type_id="opencv-matrix">
  <rows>50</rows>
  <cols>1</cols>
  <dt>f</dt>
  <data>
    4.51076031e-01 3.19655657e-01 4.45145845e-01 4.26877081e-01
    2.37589672e-01 2.45911047e-01 2.68197030e-01 2.19990432e-01
    3.00047815e-01 3.76948804e-01 6.63127661e-01 1. 7.29507387e-01
    7.48637021e-01 3.55523646e-01 2.69536078e-01 1.39837399e-01
    6.81013912e-02 7.88139626e-02 3.40506956e-02 3.96939293e-02
    1.31037775e-02 1.69296991e-02 1.64514594e-02 5.74844554e-02
    7.47011006e-02 2.28598751e-02 4.59110439e-02 6.68579638e-02
    1.34863704e-02 1.93208996e-02 2.54423711e-02 0. 9.94739309e-03
    1.18603539e-02 1.21472981e-02 2.52510756e-02 3.82592063e-03
    1.37733137e-02 1.05212815e-02 1.54949781e-02 7.74748903e-03
    2.00860831e-03 2.77379248e-02 2.22859867e-02 6.38928786e-02
    6.61884248e-02 1.65375412e-01 1.59062654e-01 1.47776186e-01</data></hist_h>
<hist_s type_id="opencv-matrix">
  <rows>50</rows>
  <cols>1</cols>
  <dt>f</dt>
  <data>
    4.81870994e-02 9.38628167e-02 2.00753421e-01 4.13278937e-01
    6.82467461e-01 1.00000012e+00 9.50400293e-01 7.60634184e-01
    9.19008076e-01 7.74760664e-01 7.52315223e-01 7.20923007e-01
    7.09778726e-01 6.77130818e-01 6.36006951e-01 5.83111048e-01
    6.71166301e-01 5.21739185e-01 4.84068453e-01 4.38392729e-01
    3.73881668e-01 3.04504782e-01 2.60398686e-01 2.03264803e-01
    1.66064993e-01 1.48328364e-01 9.93564576e-02 7.86375776e-02
    6.73363656e-02 5.55642769e-02 4.75592539e-02 3.43745127e-02
    3.15492079e-02 3.02935187e-02 1.53822005e-02 1.33417053e-02
    9.26071312e-03 5.49364323e-03 6.59237243e-03 5.17972093e-03
    2.66834116e-03 3.45314713e-03 3.61010851e-03 1.41265127e-03
    1.41265127e-03 6.27845060e-04 6.27845060e-04 4.70883911e-04
    1.16415322e-10 2.37011462e-02</data></hist_s>
<hist_v type_id="opencv-matrix">
  <rows>100</rows>
  <cols>1</cols>
  <dt>f</dt>
  <data>
    0. 1.11028866e-03 1.11028866e-03 5.18134702e-03 1.85048103e-03
    9.99259762e-03 1.11028869e-02 1.99851952e-02 4.07105833e-02
    3.73797156e-02 7.99407884e-02 7.84604028e-02 1.37675792e-01
    1.01776458e-01 2.00222060e-01 1.43597335e-01 2.49814957e-01
    2.52405614e-01 2.13545516e-01 3.10880810e-01 2.13915616e-01
    3.46780151e-01 2.51295328e-01 3.64914864e-01 2.59807557e-01
    3.74537379e-01 4.08216119e-01 2.71650612e-01 4.55218345e-01
    2.97557354e-01 4.33752775e-01 3.20503324e-01 4.97409314e-01
    4.94448543e-01 3.55292380e-01 5.28497338e-01 3.64914864e-01
    5.53293824e-01 4.08216119e-01 6.48778617e-01 4.38934118e-01
    6.92449987e-01 7.41302669e-01 5.53663909e-01 8.40488493e-01
    5.99925935e-01 9.09696460e-01 6.07697964e-01 9.60399628e-01
    6.45447791e-01 9.86676455e-01 9.99999881e-01 6.89119101e-01
    9.94448483e-01 6.25092447e-01 9.03404832e-01 5.49592853e-01
    8.09770465e-01 7.99407780e-01 5.12583256e-01 6.79866731e-01
    4.12657291e-01 5.52553594e-01 3.54182065e-01 4.55218345e-01
    2.69430041e-01 3.49000722e-01 3.29385638e-01 1.99481860e-01
    3.15692067e-01 2.03552917e-01 2.94596583e-01 1.99111760e-01
    3.27535152e-01 2.31680229e-01 3.65655065e-01 3.79348606e-01
    2.74611384e-01 3.61954093e-01 2.45003700e-01 3.60843807e-01
    2.13545516e-01 2.61287928e-01 2.26128787e-01 1.13249443e-01
    1.53219834e-01 6.62472248e-02 9.58549231e-02 4.33012545e-02
    6.66173175e-02 3.58993337e-02 3.99703905e-02 2.81273108e-02
    1.66543294e-02 1.99851952e-02 1.18430788e-02 1.14729833e-02
    7.77202053e-03 8.14211741e-03 1.11028869e-02</data></hist_v>
</opencv_storage>
