<?xml version="1.0"?>
<opencv_storage>
<hist_h type_id="opencv-matrix">
  <rows>50</rows>
  <cols>1</cols>
  <dt>f</dt>
  <data>
    1.90884292e-01 1.51993245e-01 9.16114748e-02 4.18257356e-01
    5.74016333e-01 9.99999940e-01 4.88183320e-01 3.01584184e-01
    4.08842981e-01 2.51850396e-01 5.30450568e-02 3.60342786e-02
    7.79119553e-03 6.55758940e-03 2.07765214e-03 1.36345928e-03
    6.49266294e-04 4.54486406e-04 1.29853259e-03 7.14192924e-04
    5.71354339e-03 1.94779888e-04 5.84339665e-04 1.42838585e-03
    3.89559777e-04 6.49266294e-05 2.01272545e-03 0. 2.92169838e-03
    1.29853259e-04 8.50538816e-03 4.15530428e-03 6.49266294e-05
    1.32450322e-02 4.22023097e-03 8.76509491e-03 1.65562909e-02 0.
    3.12946364e-02 2.40228535e-03 8.11582897e-03 6.49266294e-04
    2.59706518e-04 1.86988693e-02 5.45383710e-03 5.85638210e-02
    6.10310305e-03 4.30463552e-02 1.07453570e-01 4.43448871e-02</data></hist_h>
<hist_s type_id="opencv-matrix">
  <rows>50</rows>
  <cols>1</cols>
  <dt>f</dt>
  <data>
    1.07024029e-01 3.24768931e-01 1. 7.61737525e-01 6.22365952e-01
    6.75138593e-01 5.37153423e-01 5.14694989e-01 4.50739354e-01
    2.54436225e-01 2.07486138e-01 1.66451007e-01 1.32902026e-01
    1.21719040e-01 8.54898319e-02 6.98706061e-02 6.68207034e-02
    3.90018485e-02 2.68022176e-02 1.75600741e-02 1.44177442e-02
    1.07208872e-02 6.46950072e-03 5.54528646e-03 3.88170057e-03
    3.51201463e-03 2.86506466e-03 1.47874304e-03 1.38632162e-03
    7.39371520e-04 1.01663580e-03 5.54528669e-04 5.54528669e-04
    9.24214371e-04 9.24214401e-05 1.84842880e-04 1.84842880e-04
    1.84842880e-04 0. 0. 0. 1.84842880e-04 1.84842880e-04 9.24214401e-05
    0. 0. 0. 1.84842880e-04 9.24214401e-05 8.31792946e-04</data></hist_s>
<hist_v type_id="opencv-matrix">
  <rows>100</rows>
  <cols>1</cols>
  <dt>f</dt>
  <data>
    5.35618630e-04 1.60685589e-03 5.35618630e-04 0. 2.14247452e-03
    5.35618654e-03 2.14247452e-03 8.56989808e-03 1.44617036e-02
    2.78521683e-02 7.39153698e-02 8.24852660e-02 2.35136569e-01
    2.24959821e-01 4.85806108e-01 3.99571508e-01 7.83610046e-01
    8.01285505e-01 5.63470781e-01 8.47884297e-01 5.13122678e-01
    6.98982298e-01 4.21531886e-01 5.34011781e-01 3.36368501e-01
    4.49919671e-01 4.48312819e-01 2.75307983e-01 4.12426353e-01
    2.89769679e-01 3.89930367e-01 2.29780391e-01 4.31172997e-01
    4.55811471e-01 2.73165524e-01 4.75629359e-01 3.15479398e-01
    4.93304759e-01 3.22442412e-01 4.47777182e-01 2.80128568e-01
    3.92608464e-01 3.83502960e-01 2.76379228e-01 4.22603101e-01
    2.83342272e-01 4.49384034e-01 3.05838257e-01 5.17943203e-01
    3.41724694e-01 5.61863959e-01 6.02570951e-01 4.20460641e-01
    6.67380810e-01 4.53668982e-01 7.10765958e-01 4.94376004e-01
    8.64488482e-01 8.71451497e-01 6.12212121e-01 9.69469726e-01
    6.76486313e-01 1. 6.82378173e-01 9.90894496e-01 6.47562921e-01
    9.73219037e-01 9.10016060e-01 5.71505070e-01 8.40921283e-01
    5.17407596e-01 6.87198699e-01 4.31172997e-01 5.89716136e-01
    3.77611160e-01 5.74183166e-01 4.92769152e-01 2.78521687e-01
    3.25656146e-01 1.88002139e-01 1.96036413e-01 1.04445629e-01
    1.16764858e-01 6.42742291e-02 2.78521683e-02 3.58864479e-02
    2.08891258e-02 2.03535073e-02 8.56989808e-03 1.39260842e-02
    5.89180505e-03 1.23192286e-02 8.56989808e-03 6.42742356e-03
    6.96304254e-03 5.35618654e-03 6.96304254e-03 3.74933053e-03
    4.82056756e-03 1.76754147e-02</data></hist_v>
</opencv_storage>
