<?xml version="1.0"?>
<opencv_storage>
<hist_h type_id="opencv-matrix">
  <rows>50</rows>
  <cols>1</cols>
  <dt>f</dt>
  <data>
    8.85906070e-02 5.57046980e-02 4.45190184e-02 2.80760616e-01 1.
    4.71923947e-01 3.90044749e-01 1.06152125e-01 1.67337805e-01
    5.95078319e-02 7.21476525e-02 4.87695746e-02 4.13870253e-03
    7.76286349e-02 1.61073823e-02 2.33780760e-02 1.81208067e-02
    1.34228182e-03 5.82774058e-02 4.32885922e-02 1.20022371e-01
    2.21476518e-02 1.08165547e-01 1.50671139e-01 2.00782999e-01
    4.83445197e-01 4.12863523e-01 2.35794187e-01 4.54250574e-01
    6.28635362e-02 1.31767333e-01 3.99328880e-02 7.71812070e-03
    5.61521277e-02 1.29753919e-02 9.50783025e-03 8.61297548e-03
    3.35570471e-03 9.73154418e-03 2.12527951e-03 2.23713648e-03
    4.47427272e-04 0. 5.25727076e-03 4.36241645e-03 2.33780760e-02
    2.57270690e-03 8.94854590e-03 1.42058171e-02 1.55480988e-02</data></hist_h>
<hist_s type_id="opencv-matrix">
  <rows>50</rows>
  <cols>1</cols>
  <dt>f</dt>
  <data>
    2.42695287e-01 4.11449015e-01 4.17859256e-01 4.86135960e-01
    6.10316038e-01 9.99999940e-01 5.96899211e-01 3.97584975e-01
    3.74031007e-01 2.55068570e-01 1.69946328e-01 1.63983300e-01
    1.43261775e-01 1.28354207e-01 1.38789505e-01 1.40578419e-01
    1.56231374e-01 1.18515201e-01 1.13893852e-01 1.30143121e-01
    1.09719731e-01 1.12999402e-01 1.05694689e-01 1.11061417e-01
    5.12820520e-02 1.60256416e-01 6.72331527e-02 1.37149677e-01
    3.75670828e-02 1.26565292e-01 2.83243898e-02 3.36911157e-02
    3.36911157e-02 6.35062605e-02 2.28085872e-02 1.50566483e-02
    1.40131181e-02 2.51937993e-02 1.14788311e-02 1.22242095e-02
    1.59511045e-02 1.13297552e-02 9.54084657e-03 2.68336316e-03
    6.11210475e-03 1.44603457e-02 7.45378667e-04 7.45378667e-04 0.
    1.38640422e-02</data></hist_s>
<hist_v type_id="opencv-matrix">
  <rows>100</rows>
  <cols>1</cols>
  <dt>f</dt>
  <data>
    0. 0. 1.46364495e-02 5.34938633e-01 7.50708222e-01 6.48725212e-01
    3.09726149e-01 3.78186971e-01 4.06515568e-01 3.11142594e-01
    6.19924426e-01 5.63739359e-01 1. 5.52407920e-01 6.37393773e-01
    3.58356923e-01 4.83002812e-01 4.36260611e-01 2.75731832e-01
    4.15486306e-01 2.69593954e-01 3.80075544e-01 2.34655336e-01
    2.98394710e-01 1.87913120e-01 2.27573186e-01 2.10576013e-01
    1.27006605e-01 2.04910293e-01 1.19452313e-01 1.94523126e-01
    1.29839465e-01 2.34183192e-01 2.37016052e-01 1.61000937e-01
    2.84702539e-01 2.11992443e-01 3.23418319e-01 2.39848912e-01
    3.85741264e-01 2.71954656e-01 3.41359764e-01 2.96506137e-01
    2.25684598e-01 3.32389057e-01 2.05854580e-01 3.50802630e-01
    2.03966007e-01 3.31916898e-01 2.20491022e-01 2.96506137e-01
    2.59206802e-01 1.82719544e-01 2.72898972e-01 1.63833797e-01
    2.50236064e-01 1.71388105e-01 2.91784704e-01 3.38999063e-01
    2.71954656e-01 4.26817745e-01 3.26251179e-01 5.71293652e-01
    3.68271947e-01 6.04815841e-01 4.11237001e-01 5.65627933e-01
    4.85363543e-01 2.49763921e-01 3.22474033e-01 1.60528794e-01
    1.95939556e-01 9.25401300e-02 1.27006605e-01 6.46836609e-02
    8.21529701e-02 7.74315372e-02 2.92728990e-02 2.97450423e-02
    1.22757312e-02 1.32200187e-02 6.13786560e-03 6.61000935e-03
    3.77714820e-03 4.72143525e-03 4.72143525e-03 3.30500468e-03
    4.72143525e-03 9.44287051e-04 4.24929149e-03 1.41643058e-03
    4.24929149e-03 4.24929149e-03 2.36071763e-03 5.19357901e-03
    2.83286115e-03 3.77714820e-03 1.88857410e-03 3.30500468e-03
    1.27478754e-02</data></hist_v>
</opencv_storage>
