<?xml version="1.0"?>
<opencv_storage>
<hist_h type_id="opencv-matrix">
  <rows>50</rows>
  <cols>1</cols>
  <dt>f</dt>
  <data>
    1. 5.30344713e-03 1.85120327e-03 1.18577080e-02 3.04197744e-02
    1.82918906e-01 1.31235301e-01 2.99694818e-02 1.08870767e-01
    3.74243259e-02 2.40656435e-02 1.89122930e-02 1.30084553e-03
    1.51598547e-02 1.80117076e-03 5.35348011e-03 3.25211394e-03 0.
    9.40611400e-03 1.45094318e-03 2.55666189e-02 5.00325223e-05
    6.10396778e-03 1.70110576e-02 2.05133343e-03 5.45354513e-03
    1.02566667e-02 6.55426038e-03 2.09636260e-02 6.75439043e-03
    2.27647983e-02 1.54100172e-02 0. 4.13268618e-02 5.80377271e-03
    8.60559382e-03 9.05588642e-03 5.50357741e-04 2.12137885e-02
    5.00325223e-05 6.00390253e-04 0. 0. 1.55100820e-03 2.00130089e-04
    2.60069042e-01 0. 3.00195126e-04 4.55295946e-03 0.</data></hist_h>
<hist_s type_id="opencv-matrix">
  <rows>50</rows>
  <cols>1</cols>
  <dt>f</dt>
  <data>
    9.99999940e-01 8.75111744e-02 4.95692678e-02 4.96634170e-02
    4.04368490e-02 3.58235650e-02 3.63413803e-02 3.93070653e-02
    4.76392210e-02 4.05780710e-02 3.26695852e-02 2.91860830e-02
    2.25015301e-02 1.44047448e-02 2.47140229e-02 1.30395889e-02
    3.06924619e-02 6.91992650e-03 5.83721697e-03 3.64826061e-02
    4.14254097e-03 4.51913569e-03 3.05983145e-03 2.35371641e-03
    1.60052720e-03 4.96163443e-02 1.27100688e-03 1.69467588e-03
    1.50637852e-03 5.50769642e-03 5.17817622e-04 1.69467588e-03
    2.82445981e-04 7.23061711e-02 5.64891961e-04 1.60052720e-03
    1.88297316e-04 1.10624675e-02 4.23668971e-04 1.22393260e-03
    1.41222990e-04 1.88297313e-03 4.70743282e-04 1.88297316e-04
    2.35371641e-04 1.41222990e-04 0. 0. 0. 1.76905334e-01</data></hist_s>
<hist_v type_id="opencv-matrix">
  <rows>100</rows>
  <cols>1</cols>
  <dt>f</dt>
  <data>
    9.99999940e-01 2.54979491e-01 4.99156006e-02 2.75379773e-02
    9.59729962e-03 8.05401523e-03 3.52061749e-03 4.53339797e-03
    3.85821075e-03 1.01278024e-03 2.99011334e-03 9.64552164e-05
    2.26669875e-03 2.41138274e-04 1.30214612e-03 0. 2.17024353e-03
    2.02556071e-03 6.75186981e-04 3.32770660e-03 2.21847114e-03
    6.36604801e-03 4.62985318e-03 9.69375484e-03 7.52351154e-03
    1.09476727e-02 1.01278033e-02 7.08946213e-03 9.35616158e-03
    4.48517036e-03 8.39160848e-03 5.20858448e-03 7.76464958e-03
    7.52351154e-03 3.13479616e-03 6.41427562e-03 3.27947899e-03
    6.65541366e-03 2.55606440e-03 3.66530032e-03 1.73619506e-03
    2.31492636e-03 2.41138157e-03 4.82276082e-05 1.78442267e-03
    2.89365882e-04 2.21847114e-03 9.64552164e-05 2.21847114e-03
    9.64552630e-04 2.12201593e-03 1.54328439e-03 9.16325022e-04
    2.94188573e-03 1.20569090e-03 2.60429247e-03 1.25391851e-03
    3.80998314e-03 2.74897530e-03 1.44682894e-03 3.85821075e-03
    1.10923569e-03 4.29225899e-03 1.63973938e-03 4.72630840e-03
    2.55606440e-03 4.58162557e-03 6.55895844e-03 3.42416181e-03
    7.66819436e-03 3.61707271e-03 7.57173914e-03 5.88377193e-03
    1.02724861e-02 5.44972252e-03 9.98312049e-03 1.01760309e-02
    6.12490997e-03 1.16710877e-02 8.00578762e-03 1.10441288e-02
    8.00578762e-03 1.29250064e-02 1.18639981e-02 6.46250322e-03
    1.00795757e-02 5.01567405e-03 9.64552723e-03 5.16035687e-03
    8.92211217e-03 4.96744644e-03 8.48806370e-03 9.88666527e-03
    6.46250322e-03 1.06583070e-02 5.54617774e-03 6.12490997e-03
    2.45960918e-03 4.72630840e-03 3.03834095e-03</data></hist_v>
</opencv_storage>
