<?xml version="1.0"?>
<opencv_storage>
<hist_h type_id="opencv-matrix">
  <rows>50</rows>
  <cols>1</cols>
  <dt>f</dt>
  <data>
    5.06952584e-01 3.57472479e-01 2.25004628e-01 1.90180287e-01
    1.07395560e-01 1.45234734e-01 1.96548343e-01 1.79997548e-01
    3.10035080e-01 9.05555964e-01 9.08201635e-01 9.09678280e-01
    4.27274972e-01 5.11720955e-01 4.07401711e-01 1.00000012e+00
    2.44570240e-01 1.89134330e-01 2.95330077e-01 1.60247341e-01
    1.72337428e-01 6.95871562e-02 1.10502683e-01 6.25423044e-02
    2.98406463e-02 3.03328633e-02 2.93176658e-02 5.69125731e-03
    2.79640704e-02 3.93773476e-03 2.56875660e-02 1.21823670e-02
    2.76871986e-04 2.21497584e-02 4.15307982e-03 8.95219389e-03
    3.47628142e-03 1.53817760e-04 7.62936147e-03 6.46034605e-04
    3.66086280e-03 8.30615929e-04 0. 2.49184784e-03 1.38435990e-03
    1.93810388e-02 3.38399084e-04 4.12231637e-03 1.08287707e-02
    8.49074032e-03</data></hist_h>
<hist_s type_id="opencv-matrix">
  <rows>50</rows>
  <cols>1</cols>
  <dt>f</dt>
  <data>
    4.76999491e-01 1.00000012e+00 2.65307814e-01 1.78913608e-01
    1.34816349e-01 1.34857744e-01 1.27739266e-01 1.23455778e-01
    1.80134520e-01 1.57392666e-01 1.61158830e-01 1.99110195e-01
    2.02648744e-01 2.31060535e-01 1.86176941e-01 1.87232286e-01
    2.15043977e-01 1.73181593e-01 1.69994831e-01 1.65442333e-01
    1.53419569e-01 1.45100892e-01 1.34857744e-01 1.15550965e-01
    1.00776002e-01 1.17102958e-01 8.23176429e-02 7.77444467e-02
    6.78737760e-02 6.65494129e-02 5.58510087e-02 4.47594412e-02
    3.34816352e-02 2.58251447e-02 1.38644595e-02 7.40817375e-03
    6.43559266e-03 4.38696332e-03 3.35230213e-03 3.29022249e-03
    1.92446972e-03 1.36575277e-03 1.24159339e-03 9.51888273e-04
    5.58717060e-04 6.62183156e-04 1.86239020e-04 3.93171271e-04 0.
    5.19399904e-03</data></hist_s>
<hist_v type_id="opencv-matrix">
  <rows>100</rows>
  <cols>1</cols>
  <dt>f</dt>
  <data>
    0. 1.30094076e-03 2.17831973e-03 8.28971621e-03 1.36447521e-02
    4.06014584e-02 4.50791121e-02 9.46661457e-02 1.41257986e-01
    1.33240551e-01 2.62911081e-01 2.11539045e-01 3.15886617e-01
    1.99285999e-01 2.74740577e-01 1.53178230e-01 2.12870240e-01
    1.94657072e-01 1.21259794e-01 1.66671708e-01 1.03349172e-01
    1.47460148e-01 9.23668072e-02 1.32544696e-01 8.58318508e-02
    1.15148403e-01 1.08341150e-01 6.75279126e-02 9.86597314e-02
    6.22636341e-02 8.69815126e-02 5.59102036e-02 8.15357193e-02
    7.50612691e-02 4.67431098e-02 6.98575005e-02 4.73481975e-02
    6.68925717e-02 4.34151180e-02 6.51983172e-02 4.24772315e-02
    6.06904030e-02 5.97222634e-02 3.60632911e-02 5.24914525e-02
    3.43690440e-02 4.84071039e-02 3.05569842e-02 4.41412255e-02
    2.67751776e-02 3.83323729e-02 3.76365222e-02 2.55347453e-02
    3.58515084e-02 2.44153328e-02 3.87559347e-02 2.40220241e-02
    3.87861915e-02 3.44295502e-02 2.53532194e-02 3.57002392e-02
    2.19042152e-02 3.29470821e-02 2.12688707e-02 3.18881795e-02
    2.12688707e-02 2.96493508e-02 3.11620720e-02 1.85157172e-02
    2.92257890e-02 1.98166594e-02 2.68961973e-02 1.65794343e-02
    2.46573687e-02 1.44313676e-02 2.23882869e-02 2.06335261e-02
    1.31001724e-02 1.96653865e-02 1.16782133e-02 1.90300420e-02
    1.15874503e-02 2.08453089e-02 2.34169364e-02 1.50364572e-02
    2.39917710e-02 1.84249543e-02 3.34916636e-02 2.89232433e-02
    5.13417833e-02 3.40967514e-02 7.64529705e-02 8.51359963e-02
    6.51983172e-02 1.61377177e-01 1.99981853e-01 4.99470532e-01
    4.99924362e-01 1. 3.05055529e-01</data></hist_v>
</opencv_storage>
