<?xml version="1.0"?>
<opencv_storage>
<hist_h type_id="opencv-matrix">
  <rows>50</rows>
  <cols>1</cols>
  <dt>f</dt>
  <data>
    1.64965749e-01 2.42275968e-01 1.69229701e-01 8.98574054e-01
    7.87222207e-01 1. 2.39619747e-01 6.31203726e-02 9.56242159e-02
    6.67552054e-02 3.78862023e-02 6.10233471e-02 4.05424321e-03
    2.88690068e-02 1.97819099e-02 2.88690068e-02 1.30714392e-02
    4.26394539e-03 4.18006442e-02 2.25779396e-02 4.22200486e-02
    2.60729771e-02 7.05298483e-02 5.82972169e-02 6.21417575e-02
    1.06109329e-01 4.71829996e-02 1.28617371e-02 1.71256829e-02
    7.26967724e-03 2.38361526e-02 1.97120104e-02 1.45519152e-11
    1.69858802e-02 1.03453100e-02 9.57640167e-03 7.12987594e-03
    6.99007505e-05 9.57640167e-03 1.04851124e-03 5.17265499e-03
    1.04851124e-03 3.49503709e-04 1.34209432e-02 3.28533491e-03
    3.02670226e-02 4.05424321e-03 3.10359299e-02 4.80917096e-02
    3.34125534e-02</data></hist_h>
<hist_s type_id="opencv-matrix">
  <rows>50</rows>
  <cols>1</cols>
  <dt>f</dt>
  <data>
    3.72529030e-09 2.99748108e-02 3.19143593e-01 3.78337562e-01
    4.62468505e-01 7.80352652e-01 7.97229230e-01 9.47103262e-01 1.
    5.72040319e-01 4.91183877e-01 4.45340037e-01 4.12342548e-01
    4.12594438e-01 3.52896750e-01 3.41309845e-01 3.76070559e-01
    2.56171286e-01 2.30982378e-01 2.16876581e-01 1.77329972e-01
    1.40302271e-01 1.60957187e-01 1.16624683e-01 1.00000009e-01
    1.39294714e-01 1.19143575e-01 1.18639797e-01 1.33753151e-01
    1.33501261e-01 1.68010086e-01 1.58942074e-01 1.86901763e-01
    2.34005049e-01 2.04282120e-01 2.07304791e-01 2.09823683e-01
    2.01007560e-01 2.06297234e-01 2.06549123e-01 1.82367757e-01
    2.25440815e-01 1.74307302e-01 1.60705298e-01 1.52392954e-01
    1.20906800e-01 1.12342566e-01 9.79848951e-02 9.01763290e-02
    7.82619655e-01</data></hist_s>
<hist_v type_id="opencv-matrix">
  <rows>100</rows>
  <cols>1</cols>
  <dt>f</dt>
  <data>
    0. 0. 5.88581490e-04 1.17716298e-03 2.35432596e-03 7.35726859e-03
    7.35726859e-03 1.88346077e-02 3.00176553e-02 2.67804582e-02
    9.35844555e-02 1.25956446e-01 3.74337822e-01 4.66450840e-01
    9.04944062e-01 6.76574409e-01 9.93231237e-01 9.99999940e-01
    6.65097058e-01 9.97351348e-01 6.43613875e-01 9.96468484e-01
    6.40082359e-01 8.34314287e-01 5.06180108e-01 7.06003487e-01
    5.96233070e-01 3.60506177e-01 4.52324867e-01 2.56621540e-01
    3.60211879e-01 2.49558553e-01 3.46674502e-01 3.36374313e-01
    2.28958204e-01 3.29605639e-01 1.90111816e-01 2.77516186e-01
    1.80105940e-01 2.48381391e-01 1.59505591e-01 2.26015300e-01
    2.19835192e-01 1.58328414e-01 2.18363732e-01 1.39788106e-01
    1.75102994e-01 1.40376687e-01 1.88640371e-01 1.27133608e-01
    1.84814587e-01 1.77751616e-01 1.09181866e-01 1.56562671e-01
    1.07710414e-01 1.53914064e-01 8.82872269e-02 1.28310770e-01
    1.19776331e-01 7.12183639e-02 1.14479102e-01 7.15126544e-02
    1.05650380e-01 5.47380783e-02 9.47616175e-02 5.20894602e-02
    7.56327212e-02 6.59211278e-02 3.88463773e-02 6.44496754e-02
    4.59093563e-02 5.32666259e-02 4.06121239e-02 5.53266592e-02
    3.94349582e-02 5.53266592e-02 5.17951697e-02 3.11948191e-02
    5.35609163e-02 3.23719829e-02 3.59034725e-02 2.76633296e-02
    3.14891115e-02 2.38375496e-02 2.14832239e-02 1.67745724e-02
    1.55974096e-02 1.88346077e-02 1.85403172e-02 2.64861677e-02
    2.08946429e-02 2.38375496e-02 1.91288982e-02 1.47145372e-02
    1.73631534e-02 1.47145372e-02 2.11889334e-02 1.47145372e-02
    2.38375496e-02 7.82813355e-02</data></hist_v>
</opencv_storage>
