<?xml version="1.0"?>
<opencv_storage>
<hist_h type_id="opencv-matrix">
  <rows>50</rows>
  <cols>1</cols>
  <dt>f</dt>
  <data>
    1.12668443e-02 3.48370820e-02 1.03519760e-01 1. 2.33494073e-01
    5.09081066e-01 2.76172876e-01 5.79115786e-02 5.72806336e-02
    3.96592915e-02 2.33899690e-02 2.48321239e-02 3.96592915e-03
    1.05908336e-02 1.06809679e-02 1.46919647e-02 7.70652108e-03
    3.15471622e-03 1.76664107e-02 1.32948756e-02 2.88431197e-02
    2.32998338e-02 5.65595552e-02 4.28590737e-02 4.36252207e-02
    1.03970438e-01 8.77912492e-02 3.97043601e-02 3.94339524e-02
    1.20329894e-02 9.73455328e-03 4.73207468e-03 8.56280152e-04
    2.52377312e-03 6.76010619e-04 5.40808542e-04 5.85875881e-04
    4.50673760e-05 1.53229083e-03 4.50673760e-05 4.50673760e-05
    9.01347521e-05 0. 1.80269504e-04 2.25336873e-04 2.88431207e-03
    6.30943279e-04 9.01347492e-04 1.21681916e-03 2.16323417e-03</data></hist_h>
<hist_s type_id="opencv-matrix">
  <rows>50</rows>
  <cols>1</cols>
  <dt>f</dt>
  <data>
    4.97908629e-02 2.11229086e-01 4.70720738e-01 3.94305021e-01
    2.78153151e-01 2.63754845e-01 2.51287013e-01 2.21685976e-01 1.
    6.52831435e-01 1.62162170e-01 1.15186617e-01 1.15990989e-01
    8.84009004e-02 1.41248390e-01 8.05180147e-02 9.86969098e-02
    9.00096521e-02 8.72747749e-02 8.71943384e-02 7.52895698e-02
    6.67631924e-02 5.36518693e-02 4.22297306e-02 3.13706584e-02
    2.42921505e-02 1.68918930e-02 1.56048900e-02 1.06177609e-02
    8.84813350e-03 8.12419597e-03 7.40025751e-03 5.55019313e-03
    8.84813350e-03 3.94144142e-03 6.99806958e-03 5.95238060e-03
    3.70012899e-03 2.49356497e-03 1.52831408e-03 2.41312751e-04
    4.02187899e-04 1.60875177e-04 4.02187899e-04 0. 5.63063077e-04
    8.04375741e-05 1.60875177e-04 0. 6.11325586e-03</data></hist_s>
<hist_v type_id="opencv-matrix">
  <rows>100</rows>
  <cols>1</cols>
  <dt>f</dt>
  <data>
    0. 3.20786983e-03 1.06928998e-03 3.63558577e-03 2.56629614e-03
    5.98802418e-03 5.34645002e-03 6.62959786e-03 1.24037648e-02
    8.76817852e-03 1.24037648e-02 1.04790423e-02 9.83746815e-03
    7.27117201e-03 1.60393491e-02 8.76817852e-03 1.77502129e-02
    1.92472190e-02 1.51839191e-02 2.37382371e-02 1.62532069e-02
    3.12232692e-02 2.71599665e-02 5.15397787e-02 3.37895639e-02
    4.68349047e-02 4.49101813e-02 3.59281451e-02 2.88708303e-02
    1.81779303e-02 2.28828061e-02 1.53977768e-02 3.10094114e-02
    5.26090711e-02 4.02053073e-02 9.23866555e-02 7.91274607e-02
    1.47775874e-01 1.02224119e-01 1.80710003e-01 1.76860571e-01
    2.98118055e-01 4.08896506e-01 3.81522685e-01 8.38537216e-01
    7.62617648e-01 1. 5.24593651e-01 6.96963191e-01 4.23438847e-01
    4.48674113e-01 2.73524404e-01 1.08639866e-01 1.41573995e-01
    9.32420865e-02 1.48417458e-01 1.15055606e-01 2.00598806e-01
    2.55774170e-01 1.76432848e-01 2.59623617e-01 1.52266890e-01
    2.05089822e-01 1.30667239e-01 1.88408896e-01 1.27245516e-01
    1.94610775e-01 1.86270311e-01 1.15055606e-01 1.84131742e-01
    1.26817793e-01 2.10222408e-01 1.38793841e-01 2.22840041e-01
    1.49486735e-01 2.15355009e-01 2.33105212e-01 1.59751922e-01
    2.39734814e-01 1.40290841e-01 2.07442254e-01 1.36441410e-01
    1.90333620e-01 1.87981188e-01 1.04790419e-01 1.70658678e-01
    8.74679238e-02 1.26817793e-01 6.95038512e-02 8.96065012e-02
    5.43199331e-02 5.77416606e-02 4.02053073e-02 1.92472190e-02
    2.48075277e-02 1.09067587e-02 9.83746815e-03 4.49101813e-03
    3.84944398e-03 4.49101813e-03</data></hist_v>
</opencv_storage>
