<?xml version="1.0"?>
<opencv_storage>
<hist_h type_id="opencv-matrix">
  <rows>50</rows>
  <cols>1</cols>
  <dt>f</dt>
  <data>
    6.89491510e-01 1.00254238e-01 8.05084780e-02 1.59661025e-01
    1.27881363e-01 4.20593202e-01 5.78389823e-01 5.39491534e-01
    7.63559341e-01 1. 2.82118618e-01 9.45762768e-02 1.25423726e-02
    5.53389862e-02 1.42372884e-02 4.05084752e-02 1.38983047e-02
    6.35593198e-03 2.77118646e-02 1.08474577e-02 3.69491540e-02
    6.77966163e-04 1.64406784e-02 1.27966097e-02 4.23728861e-03
    1.22881355e-02 2.71186437e-02 7.96610117e-03 6.61864430e-02
    1.29661024e-01 2.42033899e-01 1.39406785e-01 1.04152545e-01
    4.58389819e-01 2.14237288e-01 1.28135592e-01 4.37288173e-02
    2.71186442e-03 3.03389821e-02 6.86440710e-03 1.08474577e-02
    4.06779628e-03 0. 1.61016956e-02 5.84745780e-03 3.00847460e-02
    4.23728861e-03 1.63559318e-02 2.99152546e-02 2.34745760e-02</data></hist_h>
<hist_s type_id="opencv-matrix">
  <rows>50</rows>
  <cols>1</cols>
  <dt>f</dt>
  <data>
    1. 3.87141019e-01 3.50270450e-01 2.83233047e-01 2.56951332e-01
    2.50095248e-01 2.60531753e-01 3.00678015e-01 4.60653633e-01
    4.31324780e-01 4.40390050e-01 4.55702007e-01 3.61697286e-01
    2.54056543e-01 1.42073587e-01 8.41014683e-02 7.35887811e-02
    4.49455343e-02 3.50422822e-02 3.03953681e-02 2.55199205e-02
    2.58246362e-02 2.68149618e-02 2.65864246e-02 3.00906524e-02
    3.71752903e-02 2.62055304e-02 1.46263428e-02 7.99878128e-03
    7.00845569e-03 4.95162653e-03 4.72308975e-03 3.58040701e-03
    4.57073189e-03 3.42804915e-03 2.36154511e-03 1.67593523e-03
    2.05682940e-03 1.67593523e-03 2.36154511e-03 8.37967556e-04
    1.67593523e-03 1.67593523e-03 6.85609819e-04 9.14146367e-04
    1.29504083e-03 3.80894344e-04 6.85609819e-04 0. 1.16553670e-02</data></hist_s>
<hist_v type_id="opencv-matrix">
  <rows>100</rows>
  <cols>1</cols>
  <dt>f</dt>
  <data>
    0. 2.09790207e-02 2.34765224e-02 3.84615362e-02 1.89810190e-02
    3.04695312e-02 2.54745241e-02 4.29570451e-02 4.54545468e-02
    3.79620343e-02 6.34365603e-02 5.49450517e-02 7.49250725e-02
    5.89410588e-02 9.59040895e-02 7.29270726e-02 1.13886110e-01
    1.11388609e-01 9.94005948e-02 1.42357647e-01 1.15384609e-01
    1.81818187e-01 1.17382616e-01 2.01298699e-01 1.49350658e-01
    2.84215778e-01 3.15684319e-01 2.44755238e-01 4.21078920e-01
    2.76223779e-01 4.93006974e-01 3.25174809e-01 5.27971983e-01
    5.44955015e-01 4.04095888e-01 6.57842100e-01 4.76023972e-01
    7.22277701e-01 5.09490490e-01 8.63136828e-01 5.75924039e-01
    9.11588371e-01 9.77522433e-01 6.53346598e-01 9.71028924e-01
    6.60339594e-01 9.21078861e-01 6.19880080e-01 8.50649297e-01
    5.47452509e-01 7.29270697e-01 7.46253729e-01 4.39060926e-01
    6.39860094e-01 4.00099903e-01 5.85414529e-01 3.56143862e-01
    4.99500483e-01 5.12986958e-01 3.38161826e-01 4.86513466e-01
    3.08191806e-01 4.71028954e-01 3.09690297e-01 4.77022976e-01
    3.42657328e-01 5.34964979e-01 5.18980980e-01 3.61138850e-01
    6.23876095e-01 3.96603405e-01 6.87812150e-01 4.82517481e-01
    7.10289657e-01 4.83516484e-01 6.65334642e-01 6.04395568e-01
    3.83116871e-01 5.46453536e-01 3.40659350e-01 4.46053952e-01
    3.10689300e-01 4.68531460e-01 4.72527474e-01 2.97202796e-01
    4.28571433e-01 2.92207778e-01 3.99100900e-01 2.55744249e-01
    3.26673329e-01 2.36763239e-01 3.39660347e-01 3.83116871e-01
    2.55244762e-01 4.10089910e-01 3.16183805e-01 6.49350584e-01
    5.15983999e-01 1. 7.82217741e-01</data></hist_v>
</opencv_storage>
