<?xml version="1.0"?>
<opencv_storage>
<hist_h type_id="opencv-matrix">
  <rows>50</rows>
  <cols>1</cols>
  <dt>f</dt>
  <data>
    9.78828847e-01 2.90578187e-01 3.25615965e-02 4.03615236e-02
    1.22570265e-02 1.86950620e-02 1.32474937e-02 4.95233433e-03
    1.74569786e-02 1.79522112e-02 2.01807618e-02 3.11997049e-02
    3.00854295e-02 7.39135817e-02 1.27398789e-01 3.24254066e-01
    5.85737288e-01 4.64157492e-01 5.53423345e-01 2.00940952e-01
    1.30246386e-01 2.92187706e-02 1.18856020e-02 2.97140051e-03 0.
    2.84759235e-03 3.59044224e-03 2.97140051e-03 9.37229246e-02
    8.77801180e-02 7.77516440e-02 1.83607787e-01 1.70855522e-01
    1.65779382e-01 2.34245405e-01 1.92274362e-01 1.51789039e-01
    8.86467770e-02 8.20849389e-02 8.46849084e-02 1.17617935e-01
    8.95134360e-02 8.23325515e-02 1.51789039e-01 1.45474806e-01
    2.33131126e-01 2.97882885e-01 6.73146009e-01 9.15315151e-01 1.</data></hist_h>
<hist_s type_id="opencv-matrix">
  <rows>50</rows>
  <cols>1</cols>
  <dt>f</dt>
  <data>
    6.55141054e-03 4.16742489e-02 1.27388537e-01 2.36396715e-01
    2.24385798e-01 1.98908091e-01 2.31483161e-01 2.95177430e-01
    4.65150118e-01 4.76979047e-01 5.41765273e-01 5.83075523e-01
    6.19290292e-01 6.94085538e-01 7.19017327e-01 8.27843487e-01 1.
    8.04367602e-01 7.75614202e-01 7.31938124e-01 6.63512290e-01
    5.56505919e-01 4.46587801e-01 3.61237466e-01 2.89899915e-01
    2.98999071e-01 2.00181976e-01 1.75250217e-01 1.56323925e-01
    1.33939937e-01 1.21565059e-01 1.08462237e-01 8.95359367e-02
    1.00454956e-01 6.75159171e-02 5.31392172e-02 5.71428575e-02
    4.25841697e-02 3.83985452e-02 3.85805294e-02 3.13011855e-02
    3.60327587e-02 2.45677885e-02 1.72884427e-02 1.40127391e-02
    6.55141054e-03 6.00545900e-03 4.36760718e-03 0. 6.24203794e-02</data></hist_s>
<hist_v type_id="opencv-matrix">
  <rows>100</rows>
  <cols>1</cols>
  <dt>f</dt>
  <data>
    3.35892499e-03 1.48752397e-02 1.24760075e-02 3.21497098e-02
    4.27063331e-02 9.50095952e-02 1.01247594e-01 2.36564294e-01
    2.98944324e-01 2.41842598e-01 4.15067166e-01 3.06142032e-01
    5.19673705e-01 3.76679450e-01 5.88771582e-01 3.90594989e-01
    6.02687180e-01 6.06046081e-01 4.32821482e-01 6.51631474e-01
    4.22264874e-01 6.11804247e-01 3.97792697e-01 6.00287914e-01
    4.00671780e-01 5.92130542e-01 5.72456837e-01 3.79078686e-01
    6.06525898e-01 3.95873308e-01 5.90690970e-01 4.16506708e-01
    6.21401191e-01 6.14203453e-01 4.44337785e-01 6.97696745e-01
    4.79366601e-01 7.16890633e-01 5.07197738e-01 7.69193888e-01
    5.51823437e-01 8.76679480e-01 9.21305180e-01 6.35796547e-01
    9.65930879e-01 6.91938579e-01 9.85604584e-01 6.77543223e-01 1.
    6.48272574e-01 9.59692895e-01 9.14587319e-01 5.55662215e-01
    7.68234193e-01 4.69769657e-01 6.54510558e-01 3.84836853e-01
    5.37428021e-01 5.06717861e-01 3.05662185e-01 4.31381941e-01
    2.61036456e-01 3.89635295e-01 2.40882903e-01 3.75719756e-01
    2.26007670e-01 3.22456807e-01 3.12380016e-01 2.01055661e-01
    2.90786952e-01 1.72264874e-01 2.43761986e-01 1.56429932e-01
    2.20249519e-01 1.44433782e-01 2.07293659e-01 1.79942414e-01
    1.24760076e-01 2.07293659e-01 1.22360840e-01 2.17370436e-01
    1.55470237e-01 2.17850283e-01 2.00095966e-01 1.17562376e-01
    1.21880993e-01 6.76583499e-02 6.28598854e-02 3.07101719e-02
    3.31094041e-02 1.77543182e-02 1.82341635e-02 1.15163149e-02
    5.27831074e-03 7.67754298e-03 3.35892499e-03 3.83877126e-03
    1.91938574e-03 0. 6.23800373e-03</data></hist_v>
</opencv_storage>
