<?xml version="1.0"?>
<opencv_storage>
<hist_h type_id="opencv-matrix">
  <rows>50</rows>
  <cols>1</cols>
  <dt>f</dt>
  <data>
    9.99999940e-01 2.25972846e-01 2.33224913e-01 3.68845999e-01
    1.87133178e-01 1.11509845e-01 4.64281701e-02 8.89686309e-03
    3.23726200e-02 7.58850109e-03 7.17730168e-03 6.20537531e-03
    1.71956175e-03 8.11184570e-03 2.31767027e-03 3.25221475e-03
    1.64479821e-03 7.47635553e-04 4.07461403e-03 2.69148801e-03
    1.49900932e-02 1.53265288e-03 3.28959641e-03 8.37351847e-03
    1.71956175e-03 9.38282628e-03 7.28944689e-03 2.99054221e-03
    7.25206500e-03 2.13076128e-03 1.18126422e-02 3.99985025e-03 0.
    8.44828226e-03 5.23344905e-04 3.43912351e-03 2.09337962e-03
    1.23359868e-03 7.17730168e-03 4.48581355e-04 2.61672447e-03
    7.88755529e-03 5.23344905e-04 4.26152255e-03 2.65410636e-03
    1.34574398e-02 2.84101511e-03 5.30821271e-03 1.80553999e-02
    2.91204061e-02</data></hist_h>
<hist_s type_id="opencv-matrix">
  <rows>50</rows>
  <cols>1</cols>
  <dt>f</dt>
  <data>
    1. 9.65723693e-02 6.58273548e-02 5.81123084e-02 5.29305637e-02
    5.79971597e-02 4.81710359e-02 3.68095823e-02 3.43146659e-02
    2.75975913e-02 2.66763903e-02 2.74440572e-02 2.37208754e-02
    1.98441632e-02 1.89229641e-02 1.84239820e-02 2.00744644e-02
    1.11695398e-02 1.07089393e-02 7.59989209e-03 6.98575936e-03
    6.87060971e-03 6.02617767e-03 3.22419684e-03 2.37976387e-03
    4.56761196e-03 1.99593138e-03 8.82815570e-04 1.38179865e-03
    6.90899789e-04 0. 1.61209889e-03 2.76359729e-03 5.98779414e-03
    4.29892913e-03 6.94737677e-03 7.29282573e-03 1.02483407e-02
    1.07089393e-02 1.41250528e-02 1.55836176e-02 2.13794950e-02
    2.05350630e-02 2.08805129e-02 2.41430923e-02 2.21087784e-02
    2.12259628e-02 2.20703948e-02 2.14178786e-02 1.29121393e-01</data></hist_s>
<hist_v type_id="opencv-matrix">
  <rows>100</rows>
  <cols>1</cols>
  <dt>f</dt>
  <data>
    7.87091703e-05 0. 2.36127511e-04 3.54191259e-04 1.96772919e-04
    7.08382518e-04 6.29673363e-04 1.18063751e-03 1.29870127e-03
    9.83864651e-04 1.69224711e-03 9.44510044e-04 1.84966554e-03
    1.53482880e-03 2.79417564e-03 1.84966554e-03 2.36127502e-03
    3.46320355e-03 3.18772136e-03 4.68319561e-03 3.14836670e-03
    5.58835128e-03 3.62062175e-03 4.68319561e-03 4.40771366e-03
    7.47737102e-03 7.98898097e-03 4.32900432e-03 7.00511597e-03
    5.23415999e-03 8.50058999e-03 5.78512391e-03 8.61865375e-03
    8.61865375e-03 6.25737896e-03 9.20897257e-03 6.02125144e-03
    9.87800118e-03 6.21802453e-03 1.03109013e-02 6.61157025e-03
    9.75993741e-03 1.10586388e-02 8.50058999e-03 1.28689492e-02
    8.89413618e-03 1.37741044e-02 9.40574612e-03 1.46005508e-02
    1.07438015e-02 1.61353797e-02 1.81818176e-02 1.30657218e-02
    1.75127909e-02 1.33018494e-02 1.89295560e-02 1.15702478e-02
    1.90476198e-02 1.86147187e-02 1.34986229e-02 1.86934285e-02
    1.26721766e-02 1.79456901e-02 1.23573402e-02 1.99527740e-02
    1.16096027e-02 1.73947271e-02 1.70798898e-02 1.35379769e-02
    1.73553713e-02 1.29476581e-02 1.86147187e-02 1.31837856e-02
    1.79850459e-02 1.23573402e-02 2.07792204e-02 2.06611566e-02
    1.46399057e-02 2.34553330e-02 1.49153881e-02 2.33372692e-02
    1.62140895e-02 2.72333734e-02 2.82959472e-02 2.09759939e-02
    3.26249525e-02 2.42030695e-02 3.85281406e-02 2.68004723e-02
    4.21094075e-02 3.14836688e-02 4.93112952e-02 4.93112952e-02
    3.44746150e-02 4.63597029e-02 3.21526974e-02 4.98229042e-02
    3.96300666e-02 1. 2.03778043e-01</data></hist_v>
</opencv_storage>
