<?xml version="1.0"?>
<opencv_storage>
<hist_h type_id="opencv-matrix">
  <rows>50</rows>
  <cols>1</cols>
  <dt>f</dt>
  <data>
    8.63178551e-01 7.55456043e-03 6.85506454e-03 3.75629552e-02
    7.42865130e-02 1.14577509e-01 1.30386129e-01 9.17739272e-02
    1.52979851e-01 1.51790708e-01 1. 8.16592097e-01 2.12996647e-01
    3.77098501e-01 2.18802467e-01 1.40528828e-01 5.84079474e-02
    1.83268040e-02 2.24538334e-02 1.25909355e-02 3.60940136e-02
    8.88360478e-03 1.34303309e-02 1.70677118e-02 5.73586999e-03
    6.08561859e-02 2.70005595e-02 2.11947393e-02 1.27098486e-01
    1.12129271e-01 5.98768890e-02 2.18942352e-02 2.44823727e-03
    2.56015677e-02 5.87576954e-03 1.11219930e-02 9.09345318e-03
    6.08561840e-03 8.39395728e-03 3.00783431e-03 2.65808613e-03
    4.74958047e-02 0. 2.23838841e-03 2.44823727e-03 1.98656972e-02
    1.46894238e-03 3.63738090e-03 1.00727482e-02 8.74370523e-03</data></hist_h>
<hist_s type_id="opencv-matrix">
  <rows>50</rows>
  <cols>1</cols>
  <dt>f</dt>
  <data>
    9.99999940e-01 1.40210867e-01 8.06780383e-02 8.40566158e-02
    8.25420842e-02 7.74159655e-02 8.09110478e-02 8.21343213e-02
    7.13578314e-02 5.10863885e-02 4.68922928e-02 5.44649586e-02
    5.39989471e-02 3.35527435e-02 2.59218253e-02 2.49315538e-02
    2.78441180e-02 2.51645595e-02 2.27180049e-02 3.06984317e-02
    4.21156883e-02 4.53195050e-02 4.85815778e-02 5.41154519e-02
    6.20958805e-02 8.29498395e-02 7.88722485e-02 8.49303827e-02
    1.00075722e-01 9.80951786e-02 1.16852097e-01 1.33511961e-01
    1.44929215e-01 1.90656483e-01 1.46851510e-01 1.31880924e-01
    1.11958988e-01 8.97652432e-02 7.95712695e-02 5.53387329e-02
    4.40379754e-02 3.20382118e-02 1.70676298e-02 9.72796604e-03
    5.41737024e-03 4.54360060e-03 2.33005174e-03 2.33005034e-04 0.
    4.57855165e-02</data></hist_s>
<hist_v type_id="opencv-matrix">
  <rows>100</rows>
  <cols>1</cols>
  <dt>f</dt>
  <data>
    4.46972717e-03 -2.32830644e-10 8.12676735e-05 2.84437183e-03
    1.62535533e-03 9.50832944e-03 6.82649296e-03 9.75213293e-03
    9.50832944e-03 3.73831764e-03 9.42706224e-03 7.23283179e-03
    1.31653799e-02 7.63917062e-03 1.66598931e-02 1.32466471e-02
    2.32425854e-02 2.59244218e-02 2.39739940e-02 5.47744781e-02
    4.34782580e-02 8.14303160e-02 7.18407184e-02 1.38236478e-01
    1.12799674e-01 2.03413233e-01 2.24461585e-01 1.59366101e-01
    2.26737082e-01 1.49613976e-01 2.13246644e-01 1.40674517e-01
    2.05851272e-01 2.06420138e-01 1.38886631e-01 1.96993083e-01
    1.15806580e-01 1.60097510e-01 8.56562406e-02 8.92320201e-02
    3.86021920e-02 3.83583903e-02 2.51930095e-02 1.08898813e-02
    1.43031282e-02 6.90776110e-03 1.51158059e-02 8.93945526e-03
    1.88541226e-02 1.21901659e-02 2.12108903e-02 2.11296231e-02
    1.30841108e-02 2.96627358e-02 2.10483521e-02 1.90979280e-02
    1.04835425e-02 1.86103210e-02 1.84477866e-02 9.34579410e-03
    2.13734247e-02 1.22714331e-02 1.86103210e-02 1.08898813e-02
    2.08045505e-02 1.12962211e-02 1.69849657e-02 1.62535533e-02
    1.04022752e-02 1.44656645e-02 1.14587564e-02 1.78789087e-02
    9.99593642e-03 1.86103210e-02 1.19463624e-02 2.63307579e-02
    3.45388018e-02 2.56806165e-02 3.99837457e-02 2.84437202e-02
    5.46119437e-02 3.92523333e-02 5.93254752e-02 5.12799658e-02
    2.66558304e-02 3.27509120e-02 1.45469317e-02 1.67411603e-02
    1.06460787e-02 1.64160915e-02 8.69565178e-03 1.77163742e-02
    1.64160915e-02 1.24339694e-02 2.52742767e-02 2.18610317e-02
    5.38805351e-02 6.48516864e-02 1.87809825e-01 1.</data></hist_v>
</opencv_storage>
