<?xml version="1.0"?>
<opencv_storage>
<hist_h type_id="opencv-matrix">
  <rows>50</rows>
  <cols>1</cols>
  <dt>f</dt>
  <data>
    4.09179300e-01 8.54034781e-01 1.00000012e+00 4.30685341e-01
    2.42272243e-01 2.58323431e-01 2.24841684e-01 1.41827077e-01
    1.61389440e-01 1.55621052e-01 2.13179514e-01 2.62336224e-01
    2.12364420e-01 2.73434103e-01 1.84776485e-01 1.91109166e-01
    1.36184096e-01 1.00257076e-01 1.19568639e-01 6.59602582e-02
    7.11016431e-02 2.90927328e-02 1.94996558e-02 1.50479665e-02
    1.00946771e-02 1.19129745e-02 9.02878027e-03 9.31322575e-10
    1.27907721e-02 1.94369722e-03 9.34228022e-03 9.84387938e-03
    6.77158590e-03 1.51106669e-02 3.76826152e-02 1.80575587e-02
    8.13217238e-02 9.10402015e-02 1.27845004e-01 3.98144089e-02
    9.70593840e-02 4.29494046e-02 1.63646638e-02 1.61138661e-02
    5.51758800e-03 2.20076516e-02 3.17888297e-02 5.15392832e-02
    1.90294072e-01 3.17574799e-01</data></hist_h>
<hist_s type_id="opencv-matrix">
  <rows>50</rows>
  <cols>1</cols>
  <dt>f</dt>
  <data>
    -9.31322575e-10 3.31322663e-03 9.68481693e-03 1.85200907e-02
    3.28774080e-02 4.89338189e-02 6.71140924e-02 8.77580494e-02
    1.42808586e-01 1.49604946e-01 1.71353310e-01 2.01597139e-01
    2.37108126e-01 2.94197589e-01 4.00900513e-01 6.32996380e-01
    9.99999940e-01 8.68830144e-01 6.84478819e-01 5.48211694e-01
    4.79483455e-01 4.24347967e-01 4.05403078e-01 3.48823369e-01
    2.95386940e-01 3.08809757e-01 2.15954453e-01 1.89533591e-01
    1.55211955e-01 1.45017400e-01 1.26157492e-01 1.11885138e-01
    1.05258681e-01 1.08911730e-01 8.10466409e-02 7.56095499e-02
    7.05122724e-02 6.34610429e-02 6.75388649e-02 6.25265464e-02
    6.22716844e-02 7.69688189e-02 6.77087754e-02 5.03780469e-02
    6.56698644e-02 4.43462729e-02 4.51108664e-02 5.20771369e-02
    2.99040005e-02 1.29385769e-01</data></hist_s>
<hist_v type_id="opencv-matrix">
  <rows>100</rows>
  <cols>1</cols>
  <dt>f</dt>
  <data>
    0. 2.59852782e-03 9.96102300e-03 3.33477706e-02 3.42139453e-02
    6.79948106e-02 6.40970170e-02 1.57644004e-01 2.89735824e-01
    4.40017343e-01 7.63967097e-01 5.41792989e-01 6.76050246e-01
    3.91511500e-01 6.05023861e-01 4.25292373e-01 6.53962791e-01
    6.27544403e-01 3.76353413e-01 5.95929027e-01 3.91944587e-01
    5.43958426e-01 3.44304919e-01 5.13642311e-01 3.60329181e-01
    5.18839359e-01 5.21004796e-01 3.72888714e-01 5.61281979e-01
    3.89346063e-01 5.87700307e-01 4.02771801e-01 6.20181918e-01
    6.25812054e-01 4.17496771e-01 6.50931180e-01 4.15764421e-01
    6.32308364e-01 4.23993081e-01 6.71286285e-01 4.33087945e-01
    6.86444402e-01 7.11130381e-01 4.75963652e-01 7.15894341e-01
    4.70333517e-01 7.14161992e-01 5.04980564e-01 7.62667835e-01
    5.43525338e-01 8.31528842e-01 8.02945018e-01 5.46990097e-01
    8.29796493e-01 5.65179765e-01 8.74404550e-01 5.80337822e-01
    8.63577366e-01 8.51450861e-01 5.64313591e-01 8.76136899e-01
    5.74274600e-01 8.34560454e-01 5.37462115e-01 8.08142066e-01
    5.28367281e-01 7.92117834e-01 7.48809040e-01 5.07146001e-01
    6.81680441e-01 4.77696002e-01 7.13728905e-01 4.58207041e-01
    7.37981856e-01 5.04114389e-01 8.24599445e-01 8.22000921e-01
    5.74707687e-01 9.44564760e-01 6.35773122e-01 9.91771400e-01
    6.56128228e-01 1. 9.90472138e-01 6.11087084e-01 8.34560454e-01
    5.02815127e-01 6.59159839e-01 3.81117404e-01 4.34387207e-01
    2.44261578e-01 2.94932902e-01 2.34300569e-01 1.30792543e-01
    1.93157211e-01 1.20398454e-01 1.89692512e-01 1.29926369e-01
    2.38631442e-01 2.46427014e-01</data></hist_v>
</opencv_storage>
