<?xml version="1.0"?>
<opencv_storage>
<hist_h type_id="opencv-matrix">
  <rows>50</rows>
  <cols>1</cols>
  <dt>f</dt>
  <data>
    1.09199338e-01 2.09404632e-01 3.36396515e-01 9.99999940e-01
    8.97937179e-01 4.56349581e-01 3.83321911e-01 2.89080054e-01
    2.84680814e-01 1.17215760e-01 3.86157036e-02 3.18701714e-02
    7.91866239e-03 1.30022485e-02 2.73731537e-03 8.99403635e-03
    1.07537396e-03 0. 9.97164939e-03 1.85746420e-03 1.00694103e-02
    1.36865769e-03 9.28732008e-03 9.28732008e-03 9.97164939e-03
    2.90350970e-02 6.89216927e-02 1.30804569e-01 3.45683843e-01
    1.54951602e-01 8.13373774e-02 4.89783958e-02 4.16463017e-02
    5.50395921e-02 5.99276572e-02 4.61433157e-02 4.22328636e-02
    1.65216532e-02 2.12141946e-02 1.74015053e-02 2.33649425e-02
    1.84768792e-02 1.01671712e-02 2.08231490e-02 1.51529964e-02
    2.59067360e-02 1.91612076e-02 2.37559881e-02 4.14507762e-02
    4.31127176e-02</data></hist_h>
<hist_s type_id="opencv-matrix">
  <rows>50</rows>
  <cols>1</cols>
  <dt>f</dt>
  <data>
    1.21228166e-01 2.28427753e-01 3.58390689e-01 4.21386987e-01
    4.20592904e-01 4.90471154e-01 6.00052953e-01 6.24404430e-01
    8.23186874e-01 7.32398093e-01 6.78136587e-01 6.96135521e-01
    7.20751703e-01 7.49867678e-01 7.30545282e-01 7.78189540e-01
    1.00000012e+00 7.67601907e-01 6.46109045e-01 5.19587100e-01
    4.10269976e-01 3.58390689e-01 3.07570130e-01 2.64954984e-01
    2.16781378e-01 2.34250933e-01 1.60667032e-01 1.37109593e-01
    1.12758070e-01 1.03758603e-01 9.18475389e-02 8.86712521e-02
    8.04658532e-02 8.52302760e-02 5.69084175e-02 4.92324010e-02
    4.12916914e-02 3.07040773e-02 2.56749615e-02 1.90577023e-02
    2.22339891e-02 1.95870847e-02 7.67601933e-03 6.08787779e-03
    4.23504505e-03 5.82318753e-03 2.91159377e-03 0. 7.94070773e-04
    1.27580732e-01</data></hist_s>
<hist_v type_id="opencv-matrix">
  <rows>100</rows>
  <cols>1</cols>
  <dt>f</dt>
  <data>
    0. 3.40831606e-03 8.86162277e-03 1.29516032e-02 1.84049085e-02
    3.13565098e-02 1.97682362e-02 4.15814593e-02 4.83980924e-02
    4.15814593e-02 5.93047030e-02 4.36264500e-02 8.24812576e-02
    6.33946881e-02 1.09747790e-01 6.27130270e-02 1.54737562e-01
    1.32924333e-01 1.15882762e-01 2.16087252e-01 1.78595781e-01
    2.71983653e-01 2.20858902e-01 3.89911383e-01 2.68575341e-01
    4.47852761e-01 5.43285668e-01 3.91274720e-01 6.47580147e-01
    4.62849349e-01 7.40967989e-01 5.61008930e-01 8.69120717e-01
    9.27062094e-01 6.35310173e-01 9.16155457e-01 6.59850061e-01
    9.61826921e-01 5.93047082e-01 1. 6.46898508e-01 8.92978907e-01
    8.95705581e-01 5.97818732e-01 8.91615570e-01 5.95773757e-01
    8.97750556e-01 6.07362032e-01 9.29788768e-01 6.19631946e-01
    9.59100246e-01 9.52965319e-01 6.82344973e-01 9.40695345e-01
    5.91002107e-01 8.55487466e-01 5.28970718e-01 7.12338150e-01
    6.64621711e-01 4.48534429e-01 5.95092058e-01 3.72188151e-01
    5.31015694e-01 3.33333343e-01 4.98295844e-01 3.29243362e-01
    5.16700804e-01 4.47852761e-01 3.46284956e-01 4.46489453e-01
    2.80845255e-01 4.25357878e-01 2.69938648e-01 3.87866408e-01
    2.50170410e-01 3.74914795e-01 3.69461507e-01 2.33128831e-01
    3.18336755e-01 2.27675527e-01 2.81526923e-01 1.92910701e-01
    2.71983653e-01 2.82890260e-01 2.00408995e-01 2.80163616e-01
    2.01090664e-01 2.59713709e-01 1.82685748e-01 2.54942060e-01
    1.58145875e-01 2.47443765e-01 1.99727342e-01 1.40422627e-01
    2.01772332e-01 1.25426039e-01 2.16768920e-01 1.77232444e-01
    2.37900481e-01 6.85071647e-01</data></hist_v>
</opencv_storage>
