<?xml version="1.0"?>
<opencv_storage>
<hist_h type_id="opencv-matrix">
  <rows>50</rows>
  <cols>1</cols>
  <dt>f</dt>
  <data>
    9.70022261e-01 1.74433812e-01 2.54287213e-01 9.99999940e-01
    5.55766463e-01 2.63843417e-01 2.03953385e-01 1.23183660e-01
    2.13116884e-01 1.94069892e-01 9.30750072e-02 1.11074746e-01
    8.63987356e-02 1.25670895e-01 1.18078277e-01 1.17751010e-01
    1.06165722e-01 5.49810156e-02 6.63699433e-02 5.13810664e-02
    8.97368714e-02 4.54247892e-02 6.84644580e-02 7.84788579e-02
    3.44940424e-02 2.82759517e-02 1.48579655e-02 5.56355529e-03
    1.00798532e-02 6.61081262e-03 2.87995785e-02 2.62468904e-02
    4.58175084e-04 1.29009023e-01 2.82104984e-02 5.21010570e-02
    2.00942531e-02 3.79630830e-03 2.99122892e-02 3.14177247e-03
    9.75258462e-03 3.07631865e-03 0. 1.64288506e-02 6.47990499e-03
    3.51485759e-02 5.75991580e-03 2.02906132e-02 4.60793264e-02
    3.27922478e-02</data></hist_h>
<hist_s type_id="opencv-matrix">
  <rows>50</rows>
  <cols>1</cols>
  <dt>f</dt>
  <data>
    1. 3.05399209e-01 2.07908735e-01 1.38326988e-01 1.35437265e-01
    1.20684415e-01 1.14296570e-01 9.04182494e-02 9.99239534e-02
    6.73003793e-02 7.04942942e-02 8.77566487e-02 9.55132991e-02
    9.13307965e-02 8.50950480e-02 8.27376395e-02 1.07072234e-01
    9.13307965e-02 9.76425856e-02 1.11863121e-01 9.36882049e-02
    9.26996171e-02 8.53992403e-02 7.75665343e-02 6.36501908e-02
    1.29353613e-01 6.19011335e-02 7.22433478e-02 7.14068413e-02
    1.04182497e-01 1.03574142e-01 1.46615967e-01 1.32775664e-01
    1.84486687e-01 7.90113956e-02 8.76806080e-02 5.91634922e-02
    7.42205232e-02 5.22433408e-02 5.04182465e-02 3.46007571e-02
    6.79087341e-02 3.84790860e-02 2.76806056e-02 1.66539885e-02
    1.71863101e-02 9.88592952e-03 7.75665231e-03 -1.86264515e-09
    6.80988550e-01</data></hist_s>
<hist_v type_id="opencv-matrix">
  <rows>100</rows>
  <cols>1</cols>
  <dt>f</dt>
  <data>
    1. 3.68114620e-01 1.65019542e-01 1.26867399e-01 5.11759743e-02
    5.96797653e-02 2.62008738e-02 3.60070504e-02 3.26361768e-02
    1.75438598e-02 2.33662762e-02 9.04006697e-03 1.48624834e-02
    5.74580533e-03 1.08021144e-02 4.59664455e-03 9.11667757e-03
    6.35869103e-03 3.21765104e-03 5.13291964e-03 1.37899304e-03
    6.97157765e-03 1.99187966e-03 4.36681183e-03 2.37493264e-03
    3.14104045e-03 4.21359064e-03 0. 3.60070495e-03 2.06849026e-03
    5.82241593e-03 1.22577185e-03 6.20546984e-03 5.13291964e-03
    3.37087223e-03 7.43124215e-03 3.06442985e-03 7.04818824e-03
    1.91526813e-03 9.34650935e-03 2.83459714e-03 9.19328816e-03
    1.14916097e-02 3.44748283e-03 1.26407724e-02 4.97969845e-03
    1.34068783e-02 6.20546984e-03 1.37133226e-02 8.27395916e-03
    1.76204704e-02 1.88462418e-02 9.72956419e-03 1.73140261e-02
    9.42311995e-03 2.07615104e-02 1.04956701e-02 2.33662762e-02
    2.29832213e-02 1.18746646e-02 2.63540950e-02 1.51689257e-02
    2.76564751e-02 1.83865763e-02 3.16402353e-02 1.90760735e-02
    3.66199352e-02 3.73094305e-02 2.76564751e-02 4.51237261e-02
    3.04910745e-02 5.05630895e-02 3.36321183e-02 5.81475534e-02
    4.11399677e-02 6.68811724e-02 7.14778155e-02 4.92607057e-02
    8.72596279e-02 5.47766797e-02 9.86746326e-02 6.77238926e-02
    1.10166244e-01 1.15682214e-01 8.09775516e-02 1.32766426e-01
    1.01356007e-01 1.74059615e-01 1.30544707e-01 2.12518200e-01
    1.46709576e-01 2.33662769e-01 2.31594279e-01 1.53681144e-01
    2.26844415e-01 1.34068802e-01 2.07385287e-01 1.29242331e-01
    1.72604010e-01 1.96506560e-01</data></hist_v>
</opencv_storage>
