<?xml version="1.0"?>
<opencv_storage>
<hist_h type_id="opencv-matrix">
  <rows>50</rows>
  <cols>1</cols>
  <dt>f</dt>
  <data>
    3.50559831e-01 3.18612456e-01 5.59705555e-01 1. 3.84229869e-01
    4.14297998e-01 2.66463071e-01 9.41194892e-02 2.50802577e-01
    1.52454764e-01 7.62665421e-02 7.38391653e-02 9.86610260e-03
    5.82569838e-02 2.89718863e-02 3.46879661e-02 1.86359715e-02
    5.48116863e-04 4.69814390e-02 2.97549125e-02 9.01260674e-02
    2.40388364e-02 1.53550997e-01 7.68929571e-02 1.29668772e-01
    1.70855835e-01 1.80956841e-01 1.18941352e-01 2.20812768e-01
    8.18260089e-02 1.48617953e-01 1.02811053e-01 1.35463160e-02
    1.43841505e-01 2.96766106e-02 3.84464785e-02 3.74285504e-02 0.
    7.60316327e-02 7.04721548e-03 2.06718333e-02 9.16138105e-03
    2.34907167e-03 4.64333221e-02 2.41954420e-02 9.34930667e-02
    6.49909861e-03 4.07172516e-02 8.27656388e-02 7.64231458e-02</data></hist_h>
<hist_s type_id="opencv-matrix">
  <rows>50</rows>
  <cols>1</cols>
  <dt>f</dt>
  <data>
    1. 6.58825278e-01 5.35719454e-01 6.27507627e-01 5.95612645e-01
    5.07865489e-01 4.18675154e-01 4.22283173e-01 4.51868981e-01
    3.34391713e-01 3.09279859e-01 2.89219230e-01 2.48520732e-01
    2.41593301e-01 2.10419983e-01 2.35387504e-01 2.65117645e-01
    1.92235544e-01 1.88338876e-01 2.05946028e-01 1.76504552e-01
    1.82277396e-01 1.77370489e-01 1.74917027e-01 1.49516538e-01
    2.22542942e-01 1.51537031e-01 1.57454193e-01 1.34651467e-01
    1.39269739e-01 1.14013568e-01 1.20652333e-01 1.03333816e-01
    1.36671960e-01 8.55823383e-02 7.95208588e-02 7.38923401e-02
    7.69230798e-02 6.53774068e-02 6.60990104e-02 4.90691364e-02
    6.23466596e-02 4.05541956e-02 2.29470357e-02 2.45345682e-02
    1.81844458e-02 3.60802561e-03 4.32963111e-03 1.86264515e-09
    2.23120227e-01</data></hist_s>
<hist_v type_id="opencv-matrix">
  <rows>100</rows>
  <cols>1</cols>
  <dt>f</dt>
  <data>
    -3.72529030e-09 1.55612245e-01 1.74999997e-01 4.48469341e-01
    3.38265270e-01 6.47959113e-01 3.97959143e-01 7.06632614e-01
    7.33163238e-01 4.93877530e-01 7.38775492e-01 5.36734641e-01
    8.76020372e-01 5.69897950e-01 9.99999940e-01 6.51020348e-01
    9.27040756e-01 9.83673394e-01 6.21938705e-01 9.00510132e-01
    6.49999976e-01 8.99999976e-01 5.87244868e-01 8.76020372e-01
    5.83163202e-01 8.60714257e-01 8.61734629e-01 5.83673418e-01
    8.78061175e-01 5.90816259e-01 8.90816271e-01 5.50510168e-01
    8.45918298e-01 8.14795852e-01 5.30102015e-01 7.94897914e-01
    4.87755060e-01 7.28571355e-01 4.62244868e-01 7.29591787e-01
    4.24489766e-01 6.06632590e-01 5.80102026e-01 3.53061199e-01
    5.53061187e-01 2.99999982e-01 4.22959149e-01 2.37755105e-01
    3.77040774e-01 2.32142851e-01 3.64795893e-01 3.41836691e-01
    2.03571424e-01 2.35714272e-01 1.31632641e-01 1.69897959e-01
    6.93877488e-02 1.17346928e-01 1.12244889e-01 8.11224431e-02
    2.47959182e-01 1.06632650e-01 2.09693864e-01 9.99999940e-02
    1.11224487e-01 4.59183641e-02 7.70408064e-02 7.55102038e-02
    3.46938707e-02 7.49999881e-02 3.52040790e-02 7.24489689e-02
    3.72448899e-02 1.08673468e-01 1.01020411e-01 1.71938762e-01
    7.29591846e-02 2.75510140e-02 8.01020414e-02 2.75510140e-02
    8.77550989e-02 5.51020391e-02 1.52551010e-01 2.15306118e-01
    1.32653058e-01 1.93877548e-01 1.03571430e-01 1.91326529e-01
    1.13265306e-01 1.74489796e-01 1.06632650e-01 2.50510186e-01
    3.86734664e-01 2.82142818e-01 4.62755084e-01 2.70408124e-01
    4.10204053e-01 2.18367353e-01 2.51530588e-01 2.61734664e-01</data></hist_v>
</opencv_storage>
