<?xml version="1.0"?>
<opencv_storage>
<hist_h type_id="opencv-matrix">
  <rows>50</rows>
  <cols>1</cols>
  <dt>f</dt>
  <data>
    4.43222374e-01 4.25084412e-01 3.20212245e-01 7.77616978e-01
    4.87409562e-01 3.24746728e-01 1.28316447e-01 7.33236829e-03
    7.76652247e-02 2.44090687e-02 3.97491567e-02 2.73999032e-02
    5.82076609e-11 3.35745327e-02 1.38929095e-02 2.09358409e-02
    9.64785367e-03 5.78871288e-04 3.76266316e-02 1.30246030e-02
    2.81717312e-02 9.64785577e-05 1.20598171e-02 1.38929095e-02
    6.17462629e-03 1.84273999e-02 2.19006278e-02 7.62180379e-03
    3.16449627e-02 8.77954718e-03 7.90159255e-02 4.34153415e-02
    1.83309219e-03 1. 9.74433199e-02 1.15291849e-01 8.91461670e-02
    1.92957057e-04 7.69609272e-01 1.24457311e-02 4.08104211e-02
    2.50844192e-02 8.20067618e-03 1.67969137e-01 5.18089756e-02
    1.03328511e-01 2.85576452e-02 1.19343951e-01 2.80173659e-01
    1.89773276e-01</data></hist_h>
<hist_s type_id="opencv-matrix">
  <rows>50</rows>
  <cols>1</cols>
  <dt>f</dt>
  <data>
    9.73268807e-01 1. 8.05742860e-01 3.82644564e-01 3.78281921e-01
    3.96525741e-01 3.72253507e-01 5.02260625e-01 4.30633783e-01
    1.45236775e-01 4.77512516e-02 1.37225352e-02 9.51852184e-04
    7.93210129e-05 0. 0. 0. 0. 0. 0. 0. 0. 0. 0. 0. 0. 0. 0. 0. 0. 0. 0.
    0. 0. 0. 0. 0. 0. 0. 0. 0. 0. 0. 0. 0. 0. 0. 0. 0. 0.</data></hist_s>
<hist_v type_id="opencv-matrix">
  <rows>100</rows>
  <cols>1</cols>
  <dt>f</dt>
  <data>
    0. 0. 0. 0. 0. 0. 0. 0. 0. 0. 0. 0. 0. 0. 0. 0. 0. 0. 0. 0. 0. 0. 0.
    9.62278646e-05 0. 0. 0. 0. 1.92455729e-04 2.88683601e-04
    1.05850655e-03 1.53964583e-03 2.88683595e-03 1.06812930e-02
    1.50115471e-02 9.97882932e-02 3.02732855e-01 9.99999940e-01
    5.12894511e-01 4.83545005e-01 1.93899140e-01 2.33256340e-01
    1.90916076e-01 1.21247113e-01 1.82255581e-01 1.15954578e-01
    1.74653575e-01 1.20477289e-01 1.53002307e-01 7.93879852e-02
    1.23460352e-01 1.15569666e-01 7.50577375e-02 1.19226322e-01
    8.72786716e-02 1.32409543e-01 8.96843672e-02 1.35103926e-01
    1.27694383e-01 8.88183191e-02 1.27598152e-01 8.62201676e-02
    1.21728249e-01 7.64049217e-02 1.05273284e-01 6.64934516e-02
    9.51693580e-02 8.34295601e-02 5.65819852e-02 7.67898336e-02
    4.65742871e-02 6.21632002e-02 4.15704362e-02 5.89876808e-02
    3.82024609e-02 5.02309464e-02 4.81139310e-02 3.09853721e-02
    3.91647406e-02 2.32871436e-02 3.37759815e-02 1.89568885e-02
    2.38645095e-02 2.22286358e-02 1.29907615e-02 1.67436488e-02
    8.46805237e-03 1.04888370e-02 5.00384904e-03 6.92840619e-03
    3.94534227e-03 5.29253250e-03 4.13779821e-03 2.50192452e-03
    2.02078512e-03 1.53964583e-03 1.82832940e-03 6.73595059e-04
    8.66050774e-04 3.56043107e-03</data></hist_v>
</opencv_storage>
