<?xml version="1.0"?>
<opencv_storage>
<hist_h type_id="opencv-matrix">
  <rows>50</rows>
  <cols>1</cols>
  <dt>f</dt>
  <data>
    8.81183371e-02 2.57276893e-01 5.29346287e-01 4.18084919e-01
    1.00206770e-01 1.49832994e-01 2.19977736e-01 2.24590421e-01
    3.27660233e-01 4.58326697e-01 6.41482413e-01 1. 7.68888175e-01
    7.79545069e-01 3.45077127e-01 3.70446920e-01 2.77715892e-01
    1.37028784e-01 1.48560524e-01 9.44011360e-02 7.40416646e-02
    2.46540476e-02 3.97645943e-02 2.78352164e-02 1.65420715e-02
    3.22093219e-02 3.60267200e-02 2.66422778e-02 8.83569196e-02
    6.98266178e-02 1.67170346e-01 2.54811496e-01 2.41927788e-01
    2.07491651e-01 2.37712741e-01 8.59710425e-02 8.23922306e-02
    3.18116732e-02 3.77763622e-02 2.14728806e-02 2.65627466e-02
    8.66868161e-03 6.36233436e-03 1.71783045e-02 2.78352154e-03
    1.16112605e-02 0. 8.82774033e-03 1.25656109e-02 1.76554788e-02</data></hist_h>
<hist_s type_id="opencv-matrix">
  <rows>50</rows>
  <cols>1</cols>
  <dt>f</dt>
  <data>
    3.90713476e-02 1.54397890e-01 2.54246891e-01 2.76330709e-01
    3.14458311e-01 4.31106091e-01 4.84144986e-01 5.44733882e-01
    7.20838070e-01 6.59116685e-01 7.13665545e-01 7.80105710e-01
    7.83314466e-01 8.41260910e-01 8.30313385e-01 8.53529692e-01 1.
    8.29369605e-01 8.22574615e-01 8.18610847e-01 8.14835846e-01
    7.86900759e-01 7.50283182e-01 7.03661799e-01 6.27595365e-01
    6.87429249e-01 4.99622524e-01 4.37901109e-01 3.90147239e-01
    3.49188387e-01 3.17855805e-01 2.55756915e-01 2.33295575e-01
    2.47263119e-01 1.62891656e-01 1.40430346e-01 1.21555299e-01
    1.02114007e-01 8.58814716e-02 8.64477158e-02 6.11551590e-02
    6.62514120e-02 4.49226163e-02 2.90675722e-02 2.69913189e-02
    2.62363143e-02 1.49112903e-02 9.43752378e-03 0. 5.21895111e-01</data></hist_s>
<hist_v type_id="opencv-matrix">
  <rows>100</rows>
  <cols>1</cols>
  <dt>f</dt>
  <data>
    2.45344378e-02 7.56724775e-02 6.38486519e-02 9.78421494e-02
    7.41944984e-02 1.19420633e-01 9.07478556e-02 1.50162578e-01
    1.62577584e-01 1.22672185e-01 2.08099321e-01 1.56665683e-01
    2.62784511e-01 1.99822634e-01 3.13035756e-01 2.21696705e-01
    3.39343756e-01 4.05557185e-01 2.87023336e-01 4.51670110e-01
    3.15991700e-01 4.89801913e-01 3.56783897e-01 5.48329830e-01
    3.78953576e-01 6.07448936e-01 6.17203593e-01 4.16198641e-01
    7.10611820e-01 4.73544180e-01 7.31303513e-01 4.95418280e-01
    7.59680688e-01 8.14365864e-01 5.25273383e-01 8.41560662e-01
    5.97694278e-01 8.96245897e-01 6.36417329e-01 9.55069423e-01
    6.43807232e-01 9.84924555e-01 9.92018878e-01 6.52675092e-01
    9.99999940e-01 6.77209496e-01 9.92905676e-01 6.47354364e-01
    9.56842959e-01 6.20159566e-01 9.23440695e-01 9.00679827e-01
    5.58675706e-01 8.27372074e-01 5.20248234e-01 7.20662057e-01
    4.78864908e-01 6.42624855e-01 5.82914531e-01 3.75406444e-01
    5.09902418e-01 2.97369182e-01 4.18267787e-01 2.45048761e-01
    3.51758778e-01 2.01891810e-01 2.75199533e-01 2.31746957e-01
    1.32131234e-01 1.64351165e-01 9.93201286e-02 1.13804311e-01
    5.94147220e-02 8.54271352e-02 4.78864908e-02 5.79367429e-02
    4.81820852e-02 2.24652663e-02 4.13833857e-02 1.53709715e-02
    3.19243260e-02 1.44841848e-02 2.63080113e-02 3.01507525e-02
    1.62577592e-02 3.22199240e-02 1.18238246e-02 2.45344378e-02
    1.00502493e-02 1.59621611e-02 2.36476399e-03 1.53709715e-02
    1.30062057e-02 2.66035926e-03 1.33018019e-02 -9.31322575e-10
    6.50310237e-03 3.54714692e-03 6.20750617e-03 4.72952984e-02</data></hist_v>
</opencv_storage>
