<?xml version="1.0"?>
<opencv_storage>
<hist_h type_id="opencv-matrix">
  <rows>50</rows>
  <cols>1</cols>
  <dt>f</dt>
  <data>
    2.42521703e-01 4.25967604e-01 3.97341043e-01 1. 2.38447517e-01
    3.07708792e-02 1.79050062e-02 6.96901465e-03 1.58679094e-02
    1.86555162e-02 1.20081482e-02 2.24080626e-02 1.21153640e-02
    2.15503369e-02 1.22225797e-02 1.98348872e-02 1.81194376e-02
    5.89685841e-03 7.82673899e-03 5.68242744e-03 6.32572081e-03
    1.07215608e-04 3.21646832e-04 2.46595894e-03 0. 1.28658733e-03
    4.18140879e-03 2.78760586e-03 3.00203711e-02 1.74010932e-01
    6.16275311e-01 8.16232443e-01 5.88935316e-01 3.98091555e-01
    2.57960767e-01 1.05071299e-01 1.24048457e-01 6.66881055e-02
    5.82180768e-02 1.24262892e-01 9.01683271e-02 5.89685850e-02
    5.25356494e-02 9.10260528e-02 1.02819771e-01 9.35992226e-02
    9.05971900e-02 1.13219686e-01 1.17186658e-01 9.93888676e-02</data></hist_h>
<hist_s type_id="opencv-matrix">
  <rows>50</rows>
  <cols>1</cols>
  <dt>f</dt>
  <data>
    6.09502755e-03 2.79817153e-02 1.21207930e-01 7.74761081e-01 1.
    5.89416862e-01 4.63776171e-01 4.66823697e-01 5.51738501e-01
    5.64759672e-01 6.78487360e-01 6.10195339e-01 4.43413258e-01
    3.60714793e-01 2.51281351e-01 1.94209725e-01 1.85067192e-01
    1.28549665e-01 1.05139226e-01 9.59966779e-02 8.15902501e-02
    7.59107992e-02 7.38329440e-02 7.17550963e-02 6.05347045e-02
    9.32262167e-02 5.83183318e-02 4.88987416e-02 4.00332473e-02
    4.58512306e-02 3.24144661e-02 3.78168747e-02 2.96439957e-02
    4.21110988e-02 2.57653426e-02 2.85358094e-02 2.36874912e-02
    2.42415853e-02 1.62072312e-02 2.60423888e-02 8.72697122e-03
    2.68735290e-02 2.81202383e-02 1.32982414e-02 1.28826713e-02
    1.82850808e-02 6.37207367e-03 9.00401827e-03 0. 1.02784328e-01</data></hist_s>
<hist_v type_id="opencv-matrix">
  <rows>100</rows>
  <cols>1</cols>
  <dt>f</dt>
  <data>
    2.32830644e-10 4.19640318e-02 7.07964599e-02 9.50613767e-02
    8.30716565e-02 1.17898948e-01 7.85041451e-02 1.30745083e-01
    1.57008290e-01 1.13331437e-01 1.79845855e-01 1.27890393e-01
    1.82986021e-01 1.23608343e-01 1.96688563e-01 1.43305749e-01
    2.11247519e-01 2.23237246e-01 1.48158729e-01 2.41792768e-01
    1.55580938e-01 2.39223540e-01 1.53297186e-01 2.44076520e-01
    1.45589501e-01 2.42078230e-01 2.21524417e-01 1.51584372e-01
    2.24379122e-01 1.46445915e-01 2.20953479e-01 1.45018563e-01
    2.14673147e-01 2.03539833e-01 1.41592935e-01 1.98972329e-01
    1.23322867e-01 1.80416793e-01 1.25035688e-01 1.89551830e-01
    1.20182708e-01 1.91550121e-01 1.92977458e-01 1.23893805e-01
    1.85840726e-01 1.24750219e-01 1.97830439e-01 1.35598063e-01
    2.26948351e-01 1.33314312e-01 2.48644024e-01 2.45218396e-01
    1.79274917e-01 2.85755098e-01 1.95832163e-01 3.10876399e-01
    2.13245809e-01 3.65115643e-01 3.85383964e-01 2.54067957e-01
    4.14216399e-01 2.63773918e-01 3.83671165e-01 2.27519289e-01
    3.08878124e-01 1.63859561e-01 1.86411664e-01 1.10476740e-01
    4.28204425e-02 4.25349697e-02 1.74136460e-02 1.94119327e-02
    7.70767964e-03 1.14187840e-02 3.42563563e-03 4.28204425e-03
    8.56408849e-03 5.70939202e-03 1.17042540e-02 5.42392209e-03
    9.70596634e-03 5.70939202e-03 1.74136460e-02 2.42649168e-02
    3.33999433e-02 1.03910938e-01 9.82015431e-02 2.28661165e-01
    1.53011709e-01 2.25235522e-01 2.04110771e-01 3.17156732e-01
    4.24207836e-01 2.96602935e-01 5.86069107e-01 6.07479274e-01
    1.00000012e+00 3.44276339e-01 1.78703979e-01 6.56580105e-02</data></hist_v>
</opencv_storage>
