<?xml version="1.0"?>
<opencv_storage>
<hist_h type_id="opencv-matrix">
  <rows>50</rows>
  <cols>1</cols>
  <dt>f</dt>
  <data>
    1.32706583e-01 1.86937168e-01 1.82088077e-01 3.41415137e-01
    3.65561604e-01 3.82681847e-01 2.79762506e-01 2.24740237e-01
    2.77189523e-01 3.31914902e-01 1.77436918e-01 1.05789214e-01
    5.55170700e-02 4.26521525e-02 1.65264718e-02 2.37506181e-02
    1.12815443e-02 8.90647992e-04 1.56358238e-02 7.91687332e-03
    3.10737249e-02 1.38545269e-03 3.20633352e-02 8.59970301e-02
    3.51707071e-01 4.86986637e-01 1. 3.31222177e-01 3.62097979e-01
    1.05096489e-01 1.34883732e-01 1.35477498e-01 3.10737249e-02
    5.59129119e-02 5.47253825e-02 5.45274615e-02 6.87778294e-02 0.
    2.04849094e-02 3.43394354e-02 5.40326573e-02 3.33498269e-02
    1.83077697e-02 6.89757541e-02 4.82929237e-02 5.36368117e-02
    5.41316159e-02 3.27560604e-02 6.08609617e-02 4.68085110e-02</data></hist_h>
<hist_s type_id="opencv-matrix">
  <rows>50</rows>
  <cols>1</cols>
  <dt>f</dt>
  <data>
    2.35899538e-01 2.59983540e-01 3.11239183e-01 3.12268406e-01
    3.32235485e-01 3.64553303e-01 4.12309587e-01 4.38657880e-01
    5.33347070e-01 4.31247413e-01 4.45656627e-01 4.65829551e-01
    5.03705204e-01 6.02717161e-01 6.35652542e-01 7.65541375e-01 1.
    8.28118563e-01 8.42527747e-01 9.70769823e-01 8.26060116e-01
    6.37093425e-01 5.40139973e-01 4.14573878e-01 3.07533950e-01
    2.69658297e-01 1.84643880e-01 1.33388221e-01 1.05599009e-01
    8.35734829e-02 6.93701059e-02 5.00205830e-02 4.32276651e-02
    4.69328910e-02 3.23178247e-02 2.63482910e-02 2.73775198e-02
    1.83202960e-02 1.42033752e-02 1.48209129e-02 1.00864545e-02
    1.25566069e-02 9.26307030e-03 5.14615001e-03 6.38122624e-03
    5.76368859e-03 4.52861236e-03 3.49938171e-03 -4.65661287e-10
    1.33594066e-01</data></hist_s>
<hist_v type_id="opencv-matrix">
  <rows>100</rows>
  <cols>1</cols>
  <dt>f</dt>
  <data>
    0. 1.15157170e-02 1.05820103e-02 2.86336765e-02 3.36134471e-02
    7.40740746e-02 6.90943077e-02 1.43479615e-01 2.14752570e-01
    1.70245871e-01 3.51384997e-01 3.32088381e-01 7.23933995e-01
    6.42701507e-01 1. 6.32119536e-01 9.54248369e-01 8.75817001e-01
    5.72362304e-01 7.61282265e-01 4.21413004e-01 5.48397124e-01
    3.14659208e-01 3.90289456e-01 2.16308743e-01 2.81356990e-01
    2.24400878e-01 1.28540307e-01 1.99502021e-01 1.26361653e-01
    1.81761593e-01 1.01462811e-01 1.58418924e-01 1.45969495e-01
    9.77279842e-02 1.43790856e-01 1.02396518e-01 1.31652668e-01
    8.52785558e-02 1.36943668e-01 8.87021497e-02 1.40056029e-01
    1.28229067e-01 8.21662024e-02 1.22938067e-01 7.81201348e-02
    1.31963894e-01 8.62122625e-02 1.26361653e-01 7.74976686e-02
    1.39122322e-01 1.36321202e-01 7.90538415e-02 1.30407721e-01
    8.49673226e-02 1.44413322e-01 8.74572024e-02 1.50638029e-01
    1.66199818e-01 1.12356052e-01 1.91409901e-01 1.26672894e-01
    2.25334585e-01 1.39433548e-01 2.46498615e-01 1.79894179e-01
    2.91627765e-01 3.18705261e-01 2.02925622e-01 3.80018681e-01
    2.46498615e-01 3.91223162e-01 2.68285096e-01 3.86865854e-01
    2.44319946e-01 3.69436651e-01 3.45160276e-01 2.22533464e-01
    2.88515419e-01 1.71802059e-01 2.74821043e-01 1.79271713e-01
    2.39028946e-01 1.85185179e-01 1.09554932e-01 1.63087457e-01
    8.99470896e-02 1.26050428e-01 6.75381273e-02 9.61718038e-02
    5.57111725e-02 7.06504807e-02 6.62931874e-02 3.82819809e-02
    6.41145334e-02 4.01493944e-02 7.00280145e-02 5.78898266e-02
    1.26361653e-01 2.72953629e-01</data></hist_v>
</opencv_storage>
