<?xml version="1.0"?>
<opencv_storage>
<hist_h type_id="opencv-matrix">
  <rows>50</rows>
  <cols>1</cols>
  <dt>f</dt>
  <data>
    9.01068449e-02 8.79595727e-02 7.99465850e-02 3.03865075e-01 1.
    5.24012804e-01 1.14538603e-01 3.64774279e-02 4.76589501e-02
    4.81303036e-02 1.46642923e-02 1.83827393e-02 2.82811373e-03
    1.39310779e-02 4.73970920e-03 8.11773352e-03 3.53514194e-03
    7.07028434e-04 1.04221227e-02 5.10631595e-03 4.55640517e-02 0.
    7.41070509e-03 1.06839854e-02 1.70210539e-03 5.05394395e-03
    1.64187700e-02 1.83303654e-03 2.87001152e-02 8.56290013e-03
    5.88404723e-02 5.90761490e-02 1.13124549e-02 4.35477123e-02
    2.69194525e-02 1.27526978e-02 1.55808106e-02 4.45166137e-04
    1.09720333e-02 1.54498802e-03 7.17502926e-03 3.69225931e-03
    8.11773352e-04 1.05268676e-02 8.17010645e-03 1.89588349e-02
    1.29360016e-02 3.70535254e-02 3.30470279e-02 3.82319055e-02</data></hist_h>
<hist_s type_id="opencv-matrix">
  <rows>50</rows>
  <cols>1</cols>
  <dt>f</dt>
  <data>
    1.85881317e-01 3.76680136e-01 3.99191350e-01 3.63020420e-01
    2.82264233e-01 3.32422674e-01 6.34029031e-01 8.68320405e-01
    8.98262501e-01 6.51404202e-01 6.53371215e-01 7.65162289e-01
    8.95421267e-01 1. 9.40006554e-01 7.73904502e-01 6.37307405e-01
    3.57119441e-01 2.63905585e-01 1.93640038e-01 1.60310343e-01
    1.39766142e-01 1.16271444e-01 1.01737514e-01 7.82428160e-02
    7.87892044e-02 5.43110035e-02 4.80821766e-02 3.91214080e-02
    3.31111364e-02 3.45317461e-02 2.91771386e-02 2.65544746e-02
    3.14719714e-02 2.11998690e-02 1.99978147e-02 1.45339305e-02
    9.39788017e-03 7.54015939e-03 4.80821775e-03 4.04327409e-03
    2.51338654e-03 7.64943718e-04 1.31133210e-03 1.20205444e-03
    1.20205444e-03 6.55666052e-04 8.74221383e-04 0. 7.43088173e-03</data></hist_s>
<hist_v type_id="opencv-matrix">
  <rows>100</rows>
  <cols>1</cols>
  <dt>f</dt>
  <data>
    0. 2.38606532e-04 4.77213063e-04 1.90885225e-03 9.54426127e-04
    3.10188485e-03 2.14745873e-03 2.62467191e-03 5.72655676e-03
    4.53352416e-03 1.64638516e-02 2.21904069e-02 6.29921257e-02
    6.01288453e-02 1.66308746e-01 1.81340963e-01 3.99188727e-01
    5.11572421e-01 3.66738230e-01 4.62180853e-01 2.55308986e-01
    3.06609392e-01 1.81818172e-01 2.30732515e-01 1.50560722e-01
    2.13791460e-01 2.35743254e-01 1.88260555e-01 3.32856119e-01
    2.60558337e-01 4.53352422e-01 2.90384144e-01 4.40229058e-01
    4.47387248e-01 2.93008834e-01 4.65998560e-01 3.29515606e-01
    4.88427579e-01 3.44309211e-01 4.98449057e-01 3.42877597e-01
    4.89859223e-01 4.66475755e-01 2.84657598e-01 4.26389873e-01
    2.78453827e-01 4.04915273e-01 2.54115969e-01 4.03483659e-01
    2.88236678e-01 4.79121923e-01 5.46647549e-01 4.07301337e-01
    6.53066099e-01 4.89859223e-01 8.00763547e-01 5.80052495e-01
    9.47029352e-01 9.62061524e-01 7.09377229e-01 1. 6.62610352e-01
    9.54664707e-01 6.13457382e-01 8.63755643e-01 5.37341893e-01
    7.29181588e-01 6.74302042e-01 3.88212830e-01 5.15151501e-01
    2.94917673e-01 3.37628245e-01 1.64161295e-01 2.02338338e-01
    9.35337618e-02 1.15246952e-01 8.54211375e-02 4.29491773e-02
    5.34478649e-02 2.93486025e-02 3.48365530e-02 1.33619662e-02
    2.12359820e-02 1.33619662e-02 1.02600809e-02 8.82844161e-03
    4.53352416e-03 5.01073711e-03 5.24934381e-03 4.29491745e-03
    2.14745873e-03 2.38606520e-03 1.67024578e-03 1.43163919e-03
    1.19303260e-03 9.54426127e-04 0. 0. 0. 2.38606532e-04</data></hist_v>
</opencv_storage>
