<?xml version="1.0"?>
<opencv_storage>
<hist_h type_id="opencv-matrix">
  <rows>50</rows>
  <cols>1</cols>
  <dt>f</dt>
  <data>
    2.96212792e-01 5.14599606e-02 7.07719028e-02 2.96906620e-01
    6.64353848e-01 1. 5.46747625e-01 1.56923965e-01 1.22925706e-01
    3.00954044e-01 6.62619323e-02 3.86238806e-02 1.09280143e-02
    1.86759196e-02 9.42468923e-03 1.28360800e-02 9.54032969e-03
    3.64267128e-03 1.32408207e-02 1.35877421e-02 3.56750488e-02
    3.56750488e-02 4.18039896e-02 4.70078066e-02 1.64209306e-02
    1.09164499e-01 7.38363713e-02 7.47036785e-02 2.08962128e-01
    4.45793569e-02 2.64816433e-02 1.08123738e-02 3.35357059e-03
    1.87915601e-02 7.34316278e-03 1.05232727e-02 7.80572463e-03
    5.20381611e-04 9.65597015e-03 1.27204391e-03 3.58485105e-03
    2.19716690e-03 0. 7.69008417e-03 1.16796764e-02 4.41746153e-02
    8.16999152e-02 1.73171431e-01 6.63197488e-02 2.71176659e-02</data></hist_h>
<hist_s type_id="opencv-matrix">
  <rows>50</rows>
  <cols>1</cols>
  <dt>f</dt>
  <data>
    8.92066061e-01 3.77366126e-01 4.96778131e-01 7.18082964e-01 1.
    4.96778131e-01 4.18646812e-01 4.05155063e-01 5.79943657e-01
    5.12887657e-01 5.38260221e-01 5.29802680e-01 5.13491750e-01
    5.80547750e-01 6.26258612e-01 7.27346003e-01 9.41401541e-01
    7.80708849e-01 7.63592482e-01 7.01570690e-01 6.18405163e-01
    5.48328638e-01 4.67579573e-01 3.86427730e-01 3.05074513e-01
    3.00443023e-01 2.05195338e-01 1.60491347e-01 1.35722920e-01
    1.24848977e-01 9.30326208e-02 8.79983902e-02 7.26943240e-02
    7.04792589e-02 4.53080945e-02 4.57108356e-02 3.68505828e-02
    3.84615399e-02 3.06081362e-02 2.65807509e-02 1.89287178e-02
    2.37615779e-02 1.83246098e-02 1.20821586e-02 1.36931138e-02
    8.86025000e-03 5.63834142e-03 7.24929664e-03 0. 2.54530817e-01</data></hist_s>
<hist_v type_id="opencv-matrix">
  <rows>100</rows>
  <cols>1</cols>
  <dt>f</dt>
  <data>
    3.21146101e-03 9.14031640e-03 0. 2.17391327e-02 1.48221366e-02
    5.01482263e-02 2.91501954e-02 9.09090936e-02 9.90612656e-02
    6.96640313e-02 1.32164031e-01 9.06620622e-02 1.69466406e-01
    1.24011859e-01 1.96887359e-01 1.33893281e-01 2.50494063e-01
    2.59881437e-01 1.75889328e-01 2.85326123e-01 1.95899218e-01
    3.03359687e-01 1.92193687e-01 3.22628498e-01 1.82312265e-01
    2.92490125e-01 2.98913062e-01 1.66007906e-01 2.57164061e-01
    1.33893281e-01 2.11462453e-01 1.18824109e-01 1.89723328e-01
    1.57855734e-01 9.98023748e-02 1.54644281e-01 8.42391327e-02
    1.24505937e-01 7.18873516e-02 1.24011859e-01 6.99110702e-02
    1.18577078e-01 1.08695656e-01 6.94169998e-02 1.06719375e-01
    6.37351796e-02 1.11413047e-01 6.52173907e-02 1.31917000e-01
    6.64525703e-02 1.27470359e-01 1.20553359e-01 8.69565308e-02
    1.50938734e-01 9.01679844e-02 1.76136374e-01 1.01284593e-01
    1.82559296e-01 1.97628468e-01 1.30928859e-01 2.30484203e-01
    1.51185781e-01 2.47529641e-01 1.56126484e-01 2.69268811e-01
    1.75889328e-01 2.54446626e-01 2.76185811e-01 1.62549406e-01
    2.62598813e-01 1.56620562e-01 2.64822125e-01 1.63537562e-01
    2.64328063e-01 1.77865624e-01 2.53211498e-01 2.69021749e-01
    1.62302375e-01 2.62351811e-01 1.59832016e-01 2.48764828e-01
    1.50691703e-01 2.47776702e-01 2.48764828e-01 1.45503953e-01
    2.47529641e-01 1.49456531e-01 2.41847828e-01 1.38092890e-01
    2.22579047e-01 1.42539531e-01 2.24061266e-01 2.06521749e-01
    1.20553359e-01 2.03804359e-01 1.27717391e-01 2.22332016e-01
    1.32658109e-01 4.60227311e-01 1.</data></hist_v>
</opencv_storage>
