<?xml version="1.0"?>
<opencv_storage>
<hist_h type_id="opencv-matrix">
  <rows>50</rows>
  <cols>1</cols>
  <dt>f</dt>
  <data>
    1.37182415e-01 2.07818776e-01 1.50711879e-01 1.81389138e-01
    1.29945725e-01 3.63328904e-01 5.60292661e-01 4.75890845e-01
    6.31794274e-01 1. 3.80083412e-01 3.24313730e-01 1.45441681e-01
    9.23464149e-02 3.03626209e-02 2.81601511e-02 7.31534651e-03
    8.57390184e-03 2.07661446e-02 1.23495646e-02 2.26539765e-02
    5.19153615e-03 2.18673795e-02 1.63612049e-02 1.01470938e-02
    1.32934796e-02 4.54652756e-02 8.80988035e-03 4.59372327e-02
    4.01950777e-02 1.27428621e-01 8.23566467e-02 2.47777868e-02
    2.90254075e-02 6.60741003e-03 5.19153615e-03 5.27019612e-03 0.
    5.82081359e-03 1.33721391e-03 3.61834350e-03 2.35978933e-03
    1.25855440e-03 6.52875006e-03 5.19153615e-03 1.36867780e-02
    3.46102449e-03 1.75410993e-02 2.28112955e-02 2.78455131e-02</data></hist_h>
<hist_s type_id="opencv-matrix">
  <rows>50</rows>
  <cols>1</cols>
  <dt>f</dt>
  <data>
    6.71179444e-02 2.02271670e-01 2.69274890e-01 3.48095447e-01
    4.94492888e-01 5.98324895e-01 8.12758148e-01 8.64387333e-01
    9.99999940e-01 7.00780153e-01 5.27306080e-01 4.20376301e-01
    3.08742523e-01 2.28774652e-01 1.60279930e-01 1.40546113e-01
    1.32629633e-01 1.06815055e-01 9.84396487e-02 9.35061947e-02
    8.14593807e-02 7.34281763e-02 7.15924725e-02 5.42680137e-02
    3.99265699e-02 4.19917405e-02 2.55851299e-02 1.72097292e-02
    1.44561725e-02 1.25057362e-02 9.17852204e-03 9.75217950e-03
    6.31023385e-03 6.99862326e-03 4.24506655e-03 3.44194588e-03
    3.44194588e-03 2.86828820e-03 3.44194588e-03 2.06516753e-03
    1.03258376e-03 1.72097294e-03 1.83570443e-03 1.03258376e-03
    5.73657628e-04 1.03258376e-03 1.14731526e-03 4.58926108e-04 0.
    1.49150984e-02</data></hist_s>
<hist_v type_id="opencv-matrix">
  <rows>100</rows>
  <cols>1</cols>
  <dt>f</dt>
  <data>
    2.23413762e-03 7.14924047e-03 7.14924047e-03 1.34048257e-02
    2.18945481e-02 4.33422700e-02 4.69168909e-02 1.02770329e-01
    1.71581775e-01 1.60411090e-01 2.64968723e-01 1.80071488e-01
    2.86863267e-01 1.85880259e-01 2.77926713e-01 1.64879352e-01
    2.67202854e-01 2.75245756e-01 1.65773019e-01 2.21179634e-01
    1.46112606e-01 1.97944596e-01 1.33154601e-01 1.93029493e-01
    1.10366397e-01 1.91689014e-01 2.08221629e-01 1.41197503e-01
    2.14924037e-01 1.42984807e-01 2.54244864e-01 1.63985699e-01
    2.51117080e-01 2.71224320e-01 2.04647005e-01 3.21715832e-01
    2.29222521e-01 3.36014301e-01 2.51563907e-01 3.82931203e-01
    2.58713126e-01 4.50848967e-01 4.80786413e-01 3.15013409e-01
    5.13851643e-01 3.44950855e-01 5.78194797e-01 4.21805173e-01
    6.44325316e-01 4.88382488e-01 7.84629166e-01 8.53440583e-01
    6.46559417e-01 1. 6.96157277e-01 9.63360131e-01 6.14387870e-01
    8.86505842e-01 9.36550498e-01 6.25558555e-01 9.24932957e-01
    6.21983945e-01 9.05719399e-01 5.86237729e-01 9.02591586e-01
    6.30473673e-01 9.14209127e-01 8.57462049e-01 5.37533522e-01
    8.39142084e-01 5.41554987e-01 7.87756920e-01 4.45487052e-01
    6.11706913e-01 3.34226996e-01 3.76228780e-01 2.75245756e-01
    1.54155493e-01 1.53708667e-01 7.95352980e-02 9.24932957e-02
    4.82573733e-02 4.95978557e-02 3.75335142e-02 1.92135833e-02
    1.34048257e-02 1.20643433e-02 1.34048257e-02 4.46827523e-03
    4.02144762e-03 2.68096523e-03 3.57462023e-03 8.93655058e-04
    8.93655058e-04 4.46827529e-04 4.46827529e-04 8.93655058e-04 0. 0. 0.</data></hist_v>
</opencv_storage>
