<?xml version="1.0"?>
<opencv_storage>
<hist_h type_id="opencv-matrix">
  <rows>50</rows>
  <cols>1</cols>
  <dt>f</dt>
  <data>
    2.87894756e-02 1.92186132e-01 5.19121826e-01 5.11006057e-01
    3.63840878e-01 1. 1.45997673e-01 1.66870747e-02 1.21024009e-02
    2.90457625e-03 2.24962272e-03 1.05362083e-03 2.84762373e-05 0. 0. 0.
    0. 0. 0. 0. 0. 0. 0. 0. 0. 0. 0. 0. 0. 0. 0. 0. 0. 0. 0. 0. 0. 0. 0.
    0. 0. 0. 0. 0. 2.84762373e-05 1.99333663e-04 3.13238619e-04
    3.70191090e-04 2.47743260e-03 1.31275458e-02</data></hist_h>
<hist_s type_id="opencv-matrix">
  <rows>50</rows>
  <cols>1</cols>
  <dt>f</dt>
  <data>
    0. 4.01404919e-04 1.00351230e-03 3.41194170e-03 3.81334685e-03
    7.02458620e-03 9.53336712e-03 2.48871055e-02 4.29503247e-02
    5.98093346e-02 6.68339208e-02 8.47967863e-02 9.06171575e-02
    1.30155548e-01 2.02809840e-01 1.95885599e-01 2.28499755e-01
    2.54390359e-01 3.33868533e-01 4.36527848e-01 6.18063211e-01
    7.71199226e-01 8.83692920e-01 8.40541899e-01 7.96688437e-01 1.
    7.37180114e-01 6.10336185e-01 4.30908173e-01 3.00150514e-01
    2.40541905e-01 1.18013047e-01 1.11891620e-01 8.56999531e-02
    4.42548916e-02 3.06071248e-02 2.56899148e-02 2.24786755e-02
    1.44505771e-02 1.17410943e-02 9.73406900e-03 7.32563995e-03
    5.41896652e-03 4.31510294e-03 3.01053701e-03 2.00702460e-03
    1.20421476e-03 1.30456593e-03 1.50526850e-03 4.11440060e-03</data></hist_s>
<hist_v type_id="opencv-matrix">
  <rows>100</rows>
  <cols>1</cols>
  <dt>f</dt>
  <data>
    0. 0. 0. 0. 0. 0. 0. 0. 0. 0. 0. 0. 0. 0. 0. 0. 0. 0. 0. 0.
    4.11268760e-04 1.02817186e-03 5.96339721e-03 1.29549662e-02
    1.99465342e-02 3.55747491e-02 6.35410249e-02 1.01583384e-01
    2.18589351e-01 2.34834462e-01 4.84885871e-01 5.07505655e-01 1.
    9.75940764e-01 7.92926192e-01 8.83405268e-01 4.41085756e-01
    4.56302702e-01 1.76228657e-01 1.85482204e-01 1.04873531e-01
    1.72938511e-01 1.61011726e-01 1.01994656e-01 2.05428749e-01
    1.46822944e-01 2.37713337e-01 1.76023036e-01 2.90355742e-01
    2.20028788e-01 3.64795387e-01 4.07361716e-01 2.91589558e-01
    4.43553358e-01 2.81513453e-01 4.33682919e-01 2.95907885e-01
    4.31420922e-01 4.19288486e-01 2.69792318e-01 4.06333536e-01
    2.38124609e-01 3.23051602e-01 2.23524570e-01 3.23462874e-01
    2.22085133e-01 3.49578440e-01 3.31893891e-01 2.41620392e-01
    3.68702441e-01 2.34423190e-01 3.83302480e-01 2.60333121e-01
    3.92761678e-01 2.74316251e-01 3.71581316e-01 3.60682696e-01
    2.34011918e-01 3.25107962e-01 1.85482204e-01 2.51285225e-01
    1.41887724e-01 2.08307624e-01 1.79930076e-01 1.06929876e-01
    1.53814510e-01 9.82932374e-02 1.31400362e-01 8.84227827e-02
    1.25231341e-01 7.75241628e-02 1.15772158e-01 1.01377748e-01
    5.75776249e-02 8.82171467e-02 5.57269156e-02 6.95044175e-02
    4.09212410e-02 3.63972858e-02 7.64959902e-02</data></hist_v>
</opencv_storage>
