<?xml version="1.0"?>
<opencv_storage>
<hist_h type_id="opencv-matrix">
  <rows>50</rows>
  <cols>1</cols>
  <dt>f</dt>
  <data>
    1. 7.35294120e-03 1.80995476e-03 1.04072401e-02 7.01357471e-03
    6.56108633e-02 6.03959262e-01 4.99886870e-01 5.19909501e-01
    4.09162909e-01 1.58031672e-01 5.00791848e-01 1.49208143e-01
    1.37443438e-01 1.14479639e-01 1.35520369e-01 4.53619920e-02
    1.78733040e-02 8.12217221e-02 3.38235311e-02 2.02828050e-01
    1.42533937e-02 9.81900468e-02 1.84841633e-01 8.04298669e-02
    3.85633498e-01 6.18325770e-01 7.00339377e-01 8.55882347e-01
    1.15950227e-01 3.74434404e-02 1.80995483e-02 9.04977380e-04
    4.41176482e-02 5.31674223e-03 1.54977376e-02 1.85520370e-02
    4.52488690e-04 1.25565613e-02 5.65610884e-04 1.92307692e-03
    4.52488690e-04 0. 2.60181003e-03 1.24434393e-03 1.68552045e-02 0.
    1.24434393e-03 7.80542986e-03 0.</data></hist_h>
<hist_s type_id="opencv-matrix">
  <rows>50</rows>
  <cols>1</cols>
  <dt>f</dt>
  <data>
    9.99999940e-01 4.63049948e-01 7.22981632e-01 4.49807763e-01
    3.92567247e-01 3.66723597e-01 3.94382715e-01 1.74925253e-01
    2.08351135e-01 2.48398110e-01 3.11512142e-01 3.29453200e-01
    3.56364787e-01 3.80286187e-01 3.38744104e-01 2.78940618e-01
    2.62494653e-01 1.58052117e-01 1.20247751e-01 9.79282334e-02
    6.01238757e-02 4.30371612e-02 3.85518968e-02 2.71251593e-02
    1.12131564e-02 3.88722718e-02 1.20674921e-02 2.17855610e-02
    7.04826973e-03 1.35625796e-02 4.59205452e-03 1.20674921e-02
    2.88338307e-03 1.24946600e-02 7.15506170e-03 6.40751794e-03
    2.56300718e-03 6.94147777e-03 2.77659111e-03 3.52413487e-03
    2.02904735e-03 5.23280632e-03 4.80563845e-03 1.49508752e-03
    2.34942324e-03 8.54335725e-04 1.70867145e-03 4.27167863e-04 0.
    7.72105902e-02</data></hist_s>
<hist_v type_id="opencv-matrix">
  <rows>100</rows>
  <cols>1</cols>
  <dt>f</dt>
  <data>
    9.83684137e-02 3.75738949e-01 5.02009928e-01 8.47481728e-01
    4.92787927e-01 5.25419772e-01 2.37881303e-01 2.63655722e-01
    1.74509346e-01 9.76590291e-02 1.15630180e-01 7.23575354e-02
    9.88413393e-02 7.51950890e-02 1.06644601e-01 8.91463757e-02
    1.43769205e-01 1.74509346e-01 1.29817918e-01 2.16126740e-01
    1.52281865e-01 2.39063606e-01 1.60321593e-01 2.16363207e-01
    1.33128405e-01 1.66469619e-01 1.39985815e-01 7.61409402e-02
    1.02861203e-01 5.53322323e-02 7.75597095e-02 4.65831161e-02
    5.84062450e-02 4.51643430e-02 3.09765898e-02 3.61787677e-02
    2.97942776e-02 3.92527804e-02 2.48285644e-02 4.16174047e-02
    2.03357767e-02 4.56372686e-02 4.25632559e-02 2.50650272e-02
    5.13123684e-02 3.35776769e-02 5.53322323e-02 3.61787677e-02
    6.55001253e-02 4.68195789e-02 8.77275988e-02 9.55308601e-02
    6.17167205e-02 1.18231267e-01 8.60723630e-02 1.56301722e-01
    1.04043514e-01 1.92953423e-01 2.08087012e-01 1.37857646e-01
    2.19673678e-01 1.36911795e-01 2.07614094e-01 1.39276430e-01
    1.88933551e-01 1.22960515e-01 1.72144711e-01 1.50626630e-01
    9.34026986e-02 1.28872067e-01 9.03286859e-02 1.26270980e-01
    8.13431144e-02 1.51336014e-01 1.54646486e-01 4.36982751e-01
    9.45613623e-01 8.09884131e-01 1. 5.02246439e-01 5.68455935e-01
    3.57294887e-01 4.57082063e-01 3.59895974e-01 8.96193013e-02
    1.05935216e-01 5.88791668e-02 9.64767113e-02 6.36084229e-02
    6.95199892e-02 2.83755027e-02 3.16859782e-02 2.05722395e-02
    5.67510072e-03 8.27618781e-03 5.43863839e-03 4.49278811e-03
    2.60108779e-03 2.36462522e-03 0.</data></hist_v>
</opencv_storage>
