<?xml version="1.0"?>
<opencv_storage>
<hist_h type_id="opencv-matrix">
  <rows>50</rows>
  <cols>1</cols>
  <dt>f</dt>
  <data>
    1.04902029e-01 7.97198862e-02 4.42102291e-02 9.60599855e-02
    3.95416282e-02 8.95522386e-02 7.95076713e-02 5.26985936e-02
    9.89601761e-02 5.21326996e-02 4.54834811e-02 1.85329281e-02
    1.83914555e-03 7.56879104e-03 1.83914555e-03 3.89050017e-03
    2.61724554e-03 0. 3.96123622e-03 1.62693637e-03 7.28584547e-03
    4.24418191e-04 2.68798182e-03 3.89050017e-03 1.48546370e-03
    5.65890921e-03 6.86142733e-03 2.19282741e-03 1.78255644e-02
    1.00445636e-02 3.52267101e-02 9.12499130e-02 2.04923257e-01
    6.36627257e-01 1. 1.58520192e-01 1.46707222e-01 7.29999319e-02
    8.36811215e-02 9.84650180e-02 1.72738209e-01 9.65551361e-02
    7.90125206e-02 2.33571485e-01 1.76628709e-01 1.54983371e-01
    1.44655868e-01 1.47060901e-01 1.06387496e-01 7.29291961e-02</data></hist_h>
<hist_s type_id="opencv-matrix">
  <rows>50</rows>
  <cols>1</cols>
  <dt>f</dt>
  <data>
    2.74620146e-01 4.15119112e-01 5.53367078e-01 6.23897910e-01
    7.26880491e-01 7.74901509e-01 7.57081211e-01 7.81466842e-01
    9.98874485e-01 9.46914256e-01 9.99999940e-01 8.53685975e-01
    6.90677166e-01 5.43800414e-01 4.43068832e-01 3.46276492e-01
    3.67473245e-01 3.14012378e-01 2.78371781e-01 2.27161884e-01
    1.70324519e-01 1.05045959e-01 7.74713904e-02 4.93340790e-02
    3.20765302e-02 3.05758752e-02 2.13843547e-02 2.13843547e-02
    9.56668518e-03 1.63196381e-02 9.37910285e-03 1.18176695e-02
    7.69086462e-03 1.23804156e-02 7.69086462e-03 1.27555802e-02
    8.06602836e-03 5.81504405e-03 4.50196955e-03 7.69086462e-03
    3.93922348e-03 7.69086462e-03 6.00262638e-03 2.06340291e-03
    4.31438722e-03 2.25098478e-03 1.87581987e-04 5.62746194e-04
    -1.16415322e-10 5.83380200e-02</data></hist_s>
<hist_v type_id="opencv-matrix">
  <rows>100</rows>
  <cols>1</cols>
  <dt>f</dt>
  <data>
    0. 2.26933397e-02 3.16512398e-02 5.10600172e-02 3.49358022e-02
    6.15108982e-02 3.76231708e-02 5.88235259e-02 5.85249290e-02
    2.86652744e-02 5.16572110e-02 3.49358022e-02 5.85249290e-02
    4.32965048e-02 9.28635448e-02 6.44968674e-02 1.43326372e-01
    2.34696940e-01 2.37682894e-01 5.31203330e-01 4.53866839e-01
    7.62018502e-01 6.08539879e-01 9.97611284e-01 6.93938494e-01 1.
    9.78799641e-01 6.16900563e-01 8.67124557e-01 5.11197388e-01
    7.27978528e-01 4.76858765e-01 6.73932552e-01 6.67662024e-01
    4.17438060e-01 5.57778478e-01 3.16512406e-01 4.44311738e-01
    2.42460430e-01 3.31143647e-01 1.92296222e-01 2.26634830e-01
    2.12899387e-01 1.34965673e-01 1.67811289e-01 1.00627050e-01
    1.46610931e-01 1.03613019e-01 1.36160061e-01 9.10719633e-02
    1.41534790e-01 1.38250232e-01 8.12182724e-02 1.19140036e-01
    7.88295045e-02 1.23320393e-01 6.89758137e-02 1.10182144e-01
    1.01224244e-01 6.95730075e-02 1.09883547e-01 6.18094951e-02
    8.80859941e-02 7.13645890e-02 8.56972262e-02 6.00179136e-02
    7.94266909e-02 7.31561631e-02 5.01642264e-02 8.62944126e-02
    4.62824702e-02 7.58435354e-02 3.73245738e-02 7.28575662e-02
    3.70259769e-02 6.41982704e-02 6.83786198e-02 3.94147485e-02
    6.50940612e-02 3.10540460e-02 5.40459827e-02 2.68736929e-02
    5.31501919e-02 5.28515987e-02 3.37414145e-02 5.13586141e-02
    2.89638676e-02 5.19558080e-02 2.86652744e-02 4.95670363e-02
    4.44908924e-02 5.85249290e-02 5.55389673e-02 4.53866832e-02
    7.82323107e-02 4.65810671e-02 8.36070478e-02 5.40459827e-02
    9.37593281e-02 4.04598385e-01</data></hist_v>
</opencv_storage>
