<?xml version="1.0"?>
<opencv_storage>
<hist_h type_id="opencv-matrix">
  <rows>50</rows>
  <cols>1</cols>
  <dt>f</dt>
  <data>
    4.85909045e-01 1.44368708e-01 2.40411043e-01 9.99999940e-01
    6.97324216e-01 2.71136433e-01 1.84352428e-01 1.46301761e-01
    1.79468930e-01 2.48957187e-01 3.02472293e-01 2.00834274e-01
    7.00986832e-02 5.66690415e-02 2.82836519e-02 3.77454497e-02
    1.38366064e-02 8.64787865e-03 2.70627737e-02 9.56353638e-03
    2.82836519e-02 1.01739774e-03 1.29209487e-02 1.53627032e-02
    5.18872775e-03 1.87201127e-02 1.89235955e-02 1.11913728e-02
    3.49984765e-02 1.86183751e-02 4.08993810e-02 6.41977787e-02
    3.62193510e-02 5.42272888e-02 5.28029315e-02 2.87923515e-02
    3.29636820e-02 5.08698728e-03 1.51592223e-02 5.69742639e-03
    1.25139887e-02 1.24122491e-02 0. 9.46179684e-03 4.27307002e-03
    2.02462114e-02 7.42700230e-03 1.86183751e-02 2.53331997e-02
    3.55071761e-02</data></hist_h>
<hist_s type_id="opencv-matrix">
  <rows>50</rows>
  <cols>1</cols>
  <dt>f</dt>
  <data>
    1. 2.92556256e-01 2.28505462e-01 2.37160981e-01 2.04847068e-01
    2.44373918e-01 3.20542395e-01 6.13098621e-01 9.24120009e-01
    3.63819957e-01 2.75533736e-01 2.46682048e-01 2.12348521e-01
    2.29948074e-01 2.09174842e-01 2.08597809e-01 2.42065787e-01
    1.91575289e-01 1.62146568e-01 1.71090573e-01 1.69070959e-01
    1.47143662e-01 1.73975766e-01 1.59261376e-01 1.44547015e-01
    1.94460481e-01 1.60992473e-01 1.56953245e-01 1.57818794e-01
    1.54068083e-01 1.59838408e-01 1.60992473e-01 1.96191579e-01
    2.83900738e-01 2.28505462e-01 2.43796885e-01 2.36006916e-01
    2.24177718e-01 2.16099232e-01 1.82919800e-01 1.63877666e-01
    1.64743215e-01 1.04443155e-01 6.69359490e-02 6.66474178e-02
    4.52971682e-02 3.28909382e-02 2.36583874e-02 -7.45058060e-09
    2.83612221e-01</data></hist_s>
<hist_v type_id="opencv-matrix">
  <rows>100</rows>
  <cols>1</cols>
  <dt>f</dt>
  <data>
    0. 5.50862961e-03 7.71208201e-03 2.71759070e-02 3.12155671e-02
    5.03121540e-02 5.61880246e-02 9.54829156e-02 1.34777814e-01
    1.03562243e-01 1.80683061e-01 1.30370915e-01 2.12633118e-01
    1.71134770e-01 2.95262575e-01 2.31729701e-01 3.19500536e-01
    3.49981636e-01 2.46786624e-01 3.81197184e-01 2.37238333e-01
    3.41535062e-01 2.35769361e-01 3.40433329e-01 2.37605572e-01
    3.50348860e-01 3.65038544e-01 2.57803887e-01 3.76790285e-01
    2.37605572e-01 3.87807548e-01 2.60007322e-01 3.76790285e-01
    3.71648908e-01 2.27322802e-01 3.78626496e-01 2.24752098e-01
    3.42636794e-01 2.28057280e-01 3.31986755e-01 2.04186544e-01
    3.26845378e-01 2.97466010e-01 1.97208956e-01 2.50826269e-01
    1.57546818e-01 2.39074543e-01 1.51303709e-01 2.49357313e-01
    1.62320957e-01 2.61109054e-01 2.50459045e-01 1.70033038e-01
    2.75431484e-01 1.83621004e-01 2.45684892e-01 1.67095110e-01
    2.55967677e-01 2.58171111e-01 1.69665799e-01 2.73962528e-01
    1.85089961e-01 2.87917733e-01 1.96107224e-01 2.94528097e-01
    2.04553798e-01 2.49357313e-01 2.18141750e-01 1.27065733e-01
    1.61586478e-01 1.01358794e-01 1.27065733e-01 6.57363161e-02
    7.41828829e-02 5.25156036e-02 6.13294095e-02 5.43518141e-02
    3.19500528e-02 4.84759435e-02 2.46052146e-02 4.29673120e-02
    2.31362469e-02 3.26845385e-02 3.48879881e-02 1.94638260e-02
    3.37862633e-02 1.65258907e-02 3.56224738e-02 1.83621012e-02
    2.97465995e-02 2.20345184e-02 3.04810852e-02 3.08483280e-02
    2.31362469e-02 4.59052473e-02 4.26000692e-02 8.59346241e-02
    9.99999940e-01 2.38340050e-01 3.21704000e-01</data></hist_v>
</opencv_storage>
