<?xml version="1.0"?>
<opencv_storage>
<hist_h type_id="opencv-matrix">
  <rows>50</rows>
  <cols>1</cols>
  <dt>f</dt>
  <data>
    8.45169842e-01 3.13573897e-01 1.55593723e-01 9.99999940e-01
    1.78885058e-01 3.68461251e-01 1.06338292e-01 8.63879323e-02
    2.81977862e-01 7.50859082e-01 3.05460077e-02 3.55097353e-02
    8.59106518e-03 1.68957599e-02 3.43642593e-03 7.02558234e-02
    3.81824793e-04 1.33638759e-03 6.20465819e-03 2.29095039e-03
    1.01183653e-02 7.92287104e-03 3.27415057e-02 1.47957234e-02
    1.29820546e-02 3.94234434e-02 1.03856429e-01 7.74723113e-01
    7.42172539e-01 5.23100421e-02 7.59831965e-02 7.72241279e-02
    2.93050762e-02 2.55822819e-02 9.45017189e-02 1.74684990e-02
    1.58457421e-02 9.54561401e-05 3.81825096e-03 4.00916394e-03
    1.32684233e-02 7.35013373e-03 0. 1.17411222e-02 8.59106518e-03
    2.43413504e-02 1.67048480e-02 6.80603310e-02 3.47460866e-01
    6.74589515e-01</data></hist_h>
<hist_s type_id="opencv-matrix">
  <rows>50</rows>
  <cols>1</cols>
  <dt>f</dt>
  <data>
    5.56850612e-01 1. 6.38685703e-01 5.69373846e-01 5.83385050e-01
    7.98016131e-01 5.11097372e-01 7.93924391e-01 5.32052100e-01
    4.28270340e-01 1.86732799e-01 1.91940486e-01 2.26782396e-01
    2.13019222e-01 2.52696872e-01 1.90080598e-01 1.75697461e-01
    1.05269685e-01 7.22876638e-02 5.95164299e-02 5.28208315e-02
    4.89770621e-02 4.32734042e-02 5.00929952e-02 4.41413522e-02
    5.43087423e-02 4.25294489e-02 3.79417241e-02 5.13329208e-02
    5.45567274e-02 5.33168018e-02 6.53440803e-02 7.48915076e-02
    1.05765656e-01 9.63422209e-02 1.37879729e-01 1.58710480e-01
    1.71853691e-01 1.59454435e-01 1.42715439e-01 1.22256666e-01
    9.74581540e-02 3.86856794e-02 1.66150033e-02 1.04153752e-02
    6.81959093e-03 3.96776199e-03 1.23992562e-04 0. 8.92746449e-03</data></hist_s>
<hist_v type_id="opencv-matrix">
  <rows>100</rows>
  <cols>1</cols>
  <dt>f</dt>
  <data>
    3.40599450e-04 0. 1.53269747e-03 8.00408702e-03 8.17438681e-03
    2.14577653e-02 1.97547674e-02 3.91689353e-02 4.63215262e-02
    2.98024528e-02 5.04087172e-02 3.26975472e-02 4.12125327e-02
    2.50340588e-02 3.50817442e-02 2.19686646e-02 3.69550399e-02
    2.94618513e-02 2.02656668e-02 3.88283357e-02 2.41825599e-02
    3.88283357e-02 2.89509520e-02 4.58106250e-02 3.57629433e-02
    4.88760211e-02 5.33038117e-02 3.81471366e-02 5.58583103e-02
    3.52520421e-02 5.09196185e-02 2.82697529e-02 4.85354215e-02
    5.27929142e-02 3.52520421e-02 5.31335138e-02 3.50817442e-02
    5.33038117e-02 3.47411446e-02 6.18187971e-02 4.76839207e-02
    6.31811991e-02 7.03337863e-02 5.04087172e-02 7.69754797e-02
    5.85831031e-02 8.82152617e-02 5.87534048e-02 8.99182558e-02
    6.93119913e-02 1.08821526e-01 1.15463220e-01 8.20844695e-02
    1.31471395e-01 9.23024565e-02 1.64679840e-01 1.32322893e-01
    1.91246599e-01 2.03337878e-01 1.28235698e-01 1.94311991e-01
    1.33004084e-01 2.24795640e-01 1.70470029e-01 2.46764302e-01
    1.60081744e-01 2.41995916e-01 2.15088561e-01 1.43903270e-01
    1.99420989e-01 1.26192093e-01 1.94993183e-01 1.19209811e-01
    1.84434608e-01 1.27895102e-01 1.92608997e-01 1.80177107e-01
    1.22104906e-01 1.75919622e-01 1.15122616e-01 1.71491832e-01
    1.05756134e-01 1.59400553e-01 1.71151221e-01 1.20401911e-01
    1.65361032e-01 1.17166214e-01 2.27520436e-01 1.51566759e-01
    1.97377384e-01 1.51396453e-01 2.04870567e-01 2.26328343e-01
    1.46798372e-01 2.84911454e-01 9.75987673e-01 9.99148488e-01
    2.32799724e-01 1. 9.91485000e-01</data></hist_v>
</opencv_storage>
