<?xml version="1.0"?>
<opencv_storage>
<hist_h type_id="opencv-matrix">
  <rows>50</rows>
  <cols>1</cols>
  <dt>f</dt>
  <data>
    2.03139428e-02 1.77117437e-02 3.86972241e-02 2.68698066e-01
    5.63502073e-01 1. 6.45429373e-01 2.88172603e-01 2.19256282e-01
    6.48870990e-02 1.41861839e-02 3.52556049e-03 8.39419154e-05
    5.45622455e-03 0. 8.39419154e-05 0. 0. 5.03651507e-04 8.39419154e-05
    3.35767656e-03 0. 1.51095446e-03 3.02190892e-03 5.03651507e-04
    1.15000429e-02 4.35658544e-02 7.57156089e-02 2.68530190e-01
    3.80340815e-01 3.15537661e-01 2.56190717e-01 2.08679602e-01
    7.34491795e-02 3.77738625e-02 1.83832794e-02 1.67044420e-02
    5.20439865e-03 6.37958571e-03 4.86863125e-03 5.79199195e-03
    3.69344419e-03 1.09124486e-03 7.80659821e-03 3.77738615e-03
    1.17518678e-02 4.44892142e-03 5.37228258e-03 5.28834062e-03
    4.95257322e-03</data></hist_h>
<hist_s type_id="opencv-matrix">
  <rows>50</rows>
  <cols>1</cols>
  <dt>f</dt>
  <data>
    6.00069351e-02 1.02670826e-01 1.38744369e-01 1.88345477e-01
    2.64134586e-01 2.70898372e-01 2.79049605e-01 3.22580636e-01
    5.15782177e-01 6.13423526e-01 7.62053430e-01 8.65071118e-01
    9.35657322e-01 1. 9.53173757e-01 8.23794663e-01 7.54075587e-01
    4.63579595e-01 3.15123141e-01 2.23898709e-01 1.56954557e-01
    8.98369774e-02 4.78668064e-02 2.68817209e-02 1.17932707e-02
    5.89663535e-03 2.25459598e-03 1.04058278e-03 1.04058278e-03
    6.93721813e-04 3.46860907e-04 5.20291389e-04 0. 3.46860907e-04 0. 0.
    0. 0. 0. 1.73430453e-04 0. 0. 0. 0. 0. 0. 0. 0. 0. 0.</data></hist_s>
<hist_v type_id="opencv-matrix">
  <rows>100</rows>
  <cols>1</cols>
  <dt>f</dt>
  <data>
    0. 0. 0. 0. 0. 0. 0. 0. 0. 6.98324002e-04 1.39664800e-03 0.
    2.09497195e-03 2.09497195e-03 8.37988779e-03 1.32681560e-02
    6.63407817e-02 1.42458096e-01 2.06703901e-01 6.93435729e-01
    4.36452508e-01 5.31424582e-01 3.23324025e-01 5.22346377e-01
    3.51955295e-01 6.53631270e-01 6.88547492e-01 4.39944118e-01
    6.65502787e-01 4.21089381e-01 5.95670402e-01 4.17597741e-01
    5.97765326e-01 5.84497213e-01 3.79888266e-01 5.79608917e-01
    3.70810032e-01 5.53770959e-01 3.91759753e-01 5.51675975e-01
    3.50558639e-01 5.39106131e-01 5.12569845e-01 3.51256967e-01
    4.89525139e-01 3.14245790e-01 4.65782106e-01 2.81424582e-01
    4.29469258e-01 2.54888266e-01 4.16201115e-01 3.72905016e-01
    2.83519536e-01 4.18296069e-01 3.17039102e-01 5.42597771e-01
    4.21089381e-01 6.60614491e-01 7.27653623e-01 5.66340744e-01
    8.79888237e-01 5.96368670e-01 9.49720621e-01 6.50837958e-01 1.
    6.66201115e-01 9.74161983e-01 9.93016720e-01 6.47346377e-01
    9.01536286e-01 6.13826811e-01 8.47066998e-01 5.88687122e-01
    8.00279319e-01 4.56005573e-01 6.89944088e-01 6.25000000e-01
    4.20391053e-01 5.99860311e-01 3.51955295e-01 5.57262540e-01
    3.80586594e-01 5.86592138e-01 5.54469228e-01 3.58938545e-01
    5.80307245e-01 3.80586594e-01 5.59357524e-01 3.28212291e-01
    4.45530713e-01 2.45111719e-01 3.08659196e-01 2.45111719e-01
    1.32681563e-01 1.75977647e-01 1.11731842e-01 1.92039102e-01
    1.57122895e-01 2.06703901e-01 3.93156409e-01</data></hist_v>
</opencv_storage>
