<?xml version="1.0"?>
<opencv_storage>
<hist_h type_id="opencv-matrix">
  <rows>50</rows>
  <cols>1</cols>
  <dt>f</dt>
  <data>
    1.81903571e-01 7.67063275e-02 8.26549828e-02 9.58516002e-01 1.
    8.55666876e-01 7.26048887e-01 5.00469625e-01 6.22417033e-01
    8.60519767e-01 4.87789631e-01 6.20068908e-01 3.31089556e-01
    4.65716988e-01 2.49060750e-01 3.96211654e-01 2.58609891e-01
    1.49655610e-01 1.81433946e-01 1.23669386e-01 2.23700687e-01
    6.85660616e-02 5.11897318e-02 5.52598648e-02 1.26800258e-02
    7.98371993e-03 1.12711340e-02 4.69630584e-04 1.18973078e-02
    3.44395754e-03 1.22103952e-02 4.53976216e-03 0. 5.33813424e-02
    7.04445876e-03 2.26988103e-02 3.13087046e-04 0. 1.26800258e-02 0.
    5.94865391e-03 3.13087046e-04 0. 2.19160924e-03 1.56543523e-04
    1.61239821e-02 0. 3.28741409e-03 3.28741409e-03 2.50469637e-03</data></hist_h>
<hist_s type_id="opencv-matrix">
  <rows>50</rows>
  <cols>1</cols>
  <dt>f</dt>
  <data>
    4.26071227e-01 3.55461687e-01 7.18768835e-01 7.08106995e-01
    6.70488834e-01 6.51377976e-01 6.26433313e-01 6.63850307e-01
    8.52343619e-01 7.98229754e-01 9.50915337e-01 1. 9.59364295e-01
    8.01247239e-01 6.39710307e-01 4.63488221e-01 3.83423865e-01
    2.13840276e-01 1.36793405e-01 8.95192102e-02 6.59826994e-02
    4.68718596e-02 3.76181863e-02 3.25890183e-02 2.57493462e-02
    2.49446779e-02 1.93120092e-02 1.38805071e-02 1.24723399e-02
    1.14665059e-02 4.42566909e-03 5.83383627e-03 4.42566909e-03
    8.24783742e-03 3.62100173e-03 3.01750144e-03 2.21283431e-03
    2.81633460e-03 3.82216857e-03 3.62100173e-03 2.21283431e-03
    2.81633460e-03 3.21866828e-03 1.60933414e-03 1.60933414e-03
    2.21283431e-03 8.04667070e-04 1.20700069e-03 0. 2.43411772e-02</data></hist_s>
<hist_v type_id="opencv-matrix">
  <rows>100</rows>
  <cols>1</cols>
  <dt>f</dt>
  <data>
    0. 9.04568005e-03 6.33197650e-03 1.76390782e-02 8.59339628e-03
    2.03527808e-02 1.58299394e-02 3.25644501e-02 4.38715518e-02
    2.66847573e-02 4.74898219e-02 3.88964266e-02 6.69380426e-02
    4.83943895e-02 8.86476710e-02 7.41745830e-02 1.15784712e-01
    1.46087736e-01 1.01311624e-01 2.01266393e-01 1.59656256e-01
    2.57801920e-01 2.18453184e-01 3.46901864e-01 2.71822721e-01
    4.84396219e-01 5.47715962e-01 3.95296246e-01 6.69832647e-01
    4.92989600e-01 7.98281312e-01 5.78923523e-01 9.21302557e-01
    9.63364959e-01 6.34102166e-01 9.99999940e-01 6.51288986e-01
    9.63817239e-01 6.63048387e-01 9.43916738e-01 5.88873804e-01
    8.94617796e-01 8.28132033e-01 5.54047942e-01 7.96472132e-01
    4.73993689e-01 7.54862010e-01 4.75350529e-01 6.99683368e-01
    4.40976948e-01 7.01040208e-01 6.39077306e-01 4.03889656e-01
    6.05608284e-01 3.66350085e-01 5.66711843e-01 3.60922664e-01
    5.05201221e-01 4.52284038e-01 2.64133871e-01 4.15649027e-01
    2.41971955e-01 3.38760763e-01 1.99004963e-01 2.71370441e-01
    1.74581632e-01 2.32473984e-01 1.77295342e-01 1.14880145e-01
    1.48801446e-01 7.37223029e-02 1.25734955e-01 6.46766201e-02
    8.86476710e-02 4.92989570e-02 5.51786497e-02 4.70375381e-02
    2.80416086e-02 4.20624129e-02 1.35685215e-02 2.53279060e-02
    1.80913620e-02 2.03527808e-02 1.35685215e-02 1.04025323e-02
    1.67345107e-02 9.95024852e-03 1.76390782e-02 1.13071008e-02
    1.53776566e-02 6.33197650e-03 9.95024852e-03 1.08548170e-02
    9.04568005e-03 1.22116683e-02 8.59339628e-03 1.26639521e-02
    1.04025323e-02 1.31162358e-02 3.48258689e-02</data></hist_v>
</opencv_storage>
