<?xml version="1.0"?>
<opencv_storage>
<hist_h type_id="opencv-matrix">
  <rows>50</rows>
  <cols>1</cols>
  <dt>f</dt>
  <data>
    3.29673082e-01 6.17190421e-01 4.31276023e-01 9.99999940e-01
    3.42925638e-01 2.96857238e-01 1.55496657e-01 1.20408930e-01
    2.10778743e-01 3.08216572e-01 7.60444283e-01 7.51987875e-01
    2.69468635e-01 2.93323219e-01 2.11788461e-01 2.00681552e-01
    1.26972109e-01 4.96024229e-02 1.30884767e-01 3.96314524e-02
    1.09049596e-01 1.36311995e-02 3.43304276e-02 9.52921882e-02
    1.98157262e-02 5.01072817e-02 8.89814422e-02 2.65051108e-02
    2.51672328e-01 4.36703265e-02 2.56089866e-01 1.79729894e-01
    1.50195621e-02 9.01173800e-02 9.69329774e-02 9.22630280e-02
    4.96024229e-02 0. 3.50877196e-02 3.91265936e-03 2.05730144e-02
    4.66994802e-03 0. 2.92818360e-02 1.17379781e-02 3.39517854e-02
    2.77672568e-03 2.80196890e-02 4.92237769e-02 4.51849028e-02</data></hist_h>
<hist_s type_id="opencv-matrix">
  <rows>50</rows>
  <cols>1</cols>
  <dt>f</dt>
  <data>
    1.82190642e-01 3.90193909e-01 7.55804420e-01 9.99999940e-01
    6.15132451e-01 7.57579863e-01 5.53673863e-01 3.77355903e-01
    3.49631220e-01 2.10461617e-01 1.78229988e-01 1.69352621e-01
    1.65938258e-01 1.62523896e-01 1.24829277e-01 1.29336238e-01
    1.43949732e-01 1.20732039e-01 1.20049164e-01 1.17044523e-01
    1.14586174e-01 1.17044523e-01 1.08440310e-01 1.16907939e-01
    8.74078050e-02 1.38623312e-01 1.02977321e-01 9.58754346e-02
    7.27943107e-02 9.15050507e-02 6.62387237e-02 7.38869086e-02
    5.28544039e-02 7.10188448e-02 5.14886603e-02 4.16552797e-02
    3.66020203e-02 3.20950523e-02 3.76946181e-02 3.42802480e-02
    2.39005703e-02 2.89538372e-02 1.83010083e-02 1.69352628e-02
    1.47500671e-02 1.03796758e-02 3.14121693e-03 5.87271154e-03
    -9.31322575e-10 2.73012817e-01</data></hist_s>
<hist_v type_id="opencv-matrix">
  <rows>100</rows>
  <cols>1</cols>
  <dt>f</dt>
  <data>
    4.19331938e-02 1.35039091e-01 1.19402982e-01 3.57498229e-01
    3.38308454e-01 6.92253053e-01 5.57213962e-01 8.91968787e-01
    9.68017161e-01 6.28287196e-01 1. 6.48187697e-01 9.94314134e-01
    6.30419374e-01 9.55934644e-01 5.99147141e-01 9.18265879e-01
    9.31769788e-01 5.56503236e-01 8.82729232e-01 5.35181284e-01
    8.67803872e-01 5.08884192e-01 8.32267284e-01 5.33759832e-01
    8.59985828e-01 9.73702967e-01 6.48187697e-01 9.97157156e-01
    6.61691606e-01 9.72281516e-01 6.26865685e-01 8.72779012e-01
    8.62828732e-01 5.37313461e-01 7.54086733e-01 4.78322655e-01
    7.22103834e-01 4.15778250e-01 6.46766186e-01 3.72423589e-01
    5.62899828e-01 4.86140758e-01 2.92110860e-01 4.76901203e-01
    3.01350385e-01 4.45629001e-01 2.92821616e-01 4.18621182e-01
    2.61549383e-01 4.09381658e-01 3.53233844e-01 2.50888407e-01
    4.32835817e-01 2.92821616e-01 4.20042634e-01 2.63681591e-01
    3.69580656e-01 3.78109455e-01 2.38805979e-01 3.37597728e-01
    2.01137185e-01 2.70788908e-01 1.67732775e-01 2.54442066e-01
    1.26510322e-01 2.74342567e-01 2.38095224e-01 1.69154227e-01
    2.81449884e-01 1.76972300e-01 3.16986501e-01 2.24591315e-01
    3.99431407e-01 3.14143568e-01 5.73560774e-01 6.83013558e-01
    4.10803139e-01 7.10732102e-01 4.54868525e-01 7.13575006e-01
    4.64818746e-01 6.34683788e-01 4.52736318e-01 2.21748412e-01
    2.49466956e-01 7.67590627e-02 8.81307796e-02 1.63468383e-02
    1.84790343e-02 0. 9.95025039e-03 7.81805441e-03 5.68585843e-03
    1.99004970e-02 1.42146423e-02 8.45771134e-02 4.76190522e-02
    3.98009941e-02 1.22245915e-01</data></hist_v>
</opencv_storage>
