<?xml version="1.0"?>
<opencv_storage>
<hist_h type_id="opencv-matrix">
  <rows>50</rows>
  <cols>1</cols>
  <dt>f</dt>
  <data>
    4.38370377e-01 6.39650524e-02 1.91678911e-01 9.99999940e-01
    4.46544409e-01 2.76143909e-01 3.26918066e-01 4.63887185e-01
    6.12749755e-01 4.89231020e-01 6.96306527e-02 2.72467779e-03
    3.89239663e-04 3.45990818e-04 4.75737383e-04 3.45990818e-04 0. 0.
    1.12447015e-03 8.64977046e-05 9.08225891e-04 4.32488523e-05
    3.02741973e-04 8.21728201e-04 3.89239663e-04 9.94723639e-04
    1.03797251e-03 2.59493128e-04 1.29746553e-03 1.34071440e-03
    3.67615256e-03 2.11919378e-03 1.12447015e-03 7.00631412e-03
    9.51474719e-03 3.02741956e-03 2.42193579e-03 1.34071440e-03
    1.29746553e-03 3.45990818e-04 1.29746564e-04 2.03269604e-03
    1.29746564e-04 3.89239663e-04 8.64977046e-05 9.51474765e-04
    8.64977046e-05 1.72995409e-04 3.89239663e-04 4.32488509e-04</data></hist_h>
<hist_s type_id="opencv-matrix">
  <rows>50</rows>
  <cols>1</cols>
  <dt>f</dt>
  <data>
    9.99999940e-01 4.12936732e-02 3.85022610e-02 3.15718539e-02
    3.22456434e-02 6.25661761e-03 5.29406127e-03 3.46520334e-03
    8.66300659e-04 -2.32830644e-10 5.29406127e-03 1.52083924e-02
    3.13793421e-02 5.32293729e-02 8.63413215e-02 1.09153911e-01
    1.36683017e-01 1.28212526e-01 1.45346031e-01 1.61228210e-01
    1.93185091e-01 2.07719699e-01 2.23216847e-01 2.30532274e-01
    2.49109611e-01 3.29964370e-01 3.18317443e-01 3.68755400e-01
    3.82905006e-01 4.03118670e-01 4.35364336e-01 4.01289821e-01
    4.00519788e-01 4.65684861e-01 3.60477418e-01 3.28424305e-01
    3.20531338e-01 2.99643844e-01 2.80392736e-01 2.74809897e-01
    2.27644607e-01 2.62104154e-01 1.67677343e-01 1.35720462e-01
    1.05688706e-01 6.94965795e-02 5.71758561e-02 4.02348600e-02
    3.24381553e-02 6.51650801e-02</data></hist_s>
<hist_v type_id="opencv-matrix">
  <rows>100</rows>
  <cols>1</cols>
  <dt>f</dt>
  <data>
    0. 0. 0. 0. 0. 0. 0. 7.09723216e-04 4.25833929e-03 7.33380625e-03
    2.81523541e-02 4.22285311e-02 6.78968504e-02 7.77146891e-02
    1.66903242e-01 1.59332857e-01 2.53726035e-01 3.24580073e-01
    2.31251478e-01 3.40785414e-01 2.34445229e-01 3.71303529e-01
    2.60941565e-01 3.96616995e-01 2.48639688e-01 3.24343503e-01
    2.69694805e-01 1.67021528e-01 2.59876966e-01 1.82162285e-01
    2.73006856e-01 1.72462732e-01 2.27821141e-01 2.28176013e-01
    1.52353913e-01 2.25455403e-01 1.52590483e-01 2.28176013e-01
    1.51171044e-01 2.00378522e-01 1.31298795e-01 1.93044707e-01
    1.70451850e-01 1.04684174e-01 1.36030287e-01 8.10267329e-02
    1.22308962e-01 7.81878382e-02 1.03146441e-01 6.19824938e-02
    9.79418010e-02 8.37473348e-02 5.27560897e-02 7.10906088e-02
    4.29382548e-02 6.51762486e-02 3.91530618e-02 5.92618883e-02
    6.06813319e-02 4.61320095e-02 1.09415658e-01 4.69600186e-02
    5.58315590e-02 4.02176492e-02 5.52401207e-02 3.83250527e-02
    5.87887391e-02 5.79607263e-02 3.89164872e-02 6.12727702e-02
    4.50674221e-02 6.86065778e-02 4.43576984e-02 6.74237013e-02
    8.14998820e-02 7.23917633e-02 8.95434096e-02 5.79607263e-02
    8.41021985e-02 5.13366461e-02 7.77146891e-02 5.29926643e-02
    8.69410932e-02 8.68228078e-02 9.49846208e-02 1.32599950e-01
    6.55311123e-02 8.84788260e-02 5.59498444e-02 8.62313658e-02
    6.81334287e-02 1.04920745e-01 1.14028864e-01 9.06079933e-02
    7.75964037e-02 5.54766953e-02 7.15637580e-02 4.42394130e-02
    2.00023651e-01 1.</data></hist_v>
</opencv_storage>
