<?xml version="1.0"?>
<opencv_storage>
<hist_h type_id="opencv-matrix">
  <rows>50</rows>
  <cols>1</cols>
  <dt>f</dt>
  <data>
    4.77069877e-02 2.16476880e-02 1.70308817e-02 1.31630242e-01
    1.69385463e-01 4.69990790e-01 1. 7.13347733e-01 6.76413298e-01
    6.80517077e-01 3.50979805e-01 2.21914440e-01 1.00133374e-01
    3.08812976e-01 1.63845286e-01 3.11583072e-01 1.36452243e-01
    6.06340431e-02 1.28757566e-01 5.84795326e-02 5.90951070e-02
    7.18169706e-03 3.70370373e-02 3.42669562e-02 1.12855239e-02
    2.00061556e-02 2.05191355e-02 3.28306155e-03 2.07243264e-02
    1.12855237e-03 1.61075201e-02 1.72360726e-02 0. 2.02113483e-02
    1.01569714e-02 2.05191355e-02 1.32348416e-02 1.02595671e-03
    1.48763731e-02 5.23237931e-03 9.23361070e-03 2.97527458e-03 0.
    7.28429295e-03 1.12855237e-03 1.83646251e-02 0. 3.38565721e-03
    8.82322807e-03 2.15450907e-03</data></hist_h>
<hist_s type_id="opencv-matrix">
  <rows>50</rows>
  <cols>1</cols>
  <dt>f</dt>
  <data>
    2.75815219e-01 4.27989155e-01 2.99932063e-01 3.28974187e-01
    4.81487781e-01 6.63213313e-01 8.32540751e-01 9.01494563e-01 1.
    7.48471439e-01 6.35360062e-01 5.34307063e-01 4.32065219e-01
    3.85020405e-01 2.91100562e-01 2.68342406e-01 2.48641312e-01
    1.74082890e-01 1.45380437e-01 1.27887234e-01 1.03430703e-01
    8.40692893e-02 7.06521720e-02 6.53872266e-02 3.32880430e-02
    7.20108673e-02 3.63451093e-02 4.00815234e-02 2.34375000e-02
    3.70244570e-02 1.93614140e-02 2.56453808e-02 1.51154902e-02
    2.59850547e-02 8.66168551e-03 1.39266308e-02 1.13790762e-02
    1.42663047e-02 7.81250000e-03 8.32201075e-03 4.24592430e-03
    1.18885869e-02 9.17119626e-03 4.24592430e-03 5.77445701e-03
    6.28396776e-03 4.24592430e-03 2.03804346e-03 0. 1.90047562e-01</data></hist_s>
<hist_v type_id="opencv-matrix">
  <rows>100</rows>
  <cols>1</cols>
  <dt>f</dt>
  <data>
    1.57547176e-01 3.11320782e-01 2.86792457e-01 5.78301907e-01
    4.33018893e-01 8.30188692e-01 5.49056590e-01 8.68867934e-01
    8.61320794e-01 5.30188680e-01 8.36792469e-01 5.45283020e-01
    7.05660403e-01 4.52830195e-01 7.33018875e-01 4.60377395e-01
    6.80188715e-01 7.31132090e-01 4.38679278e-01 8.00943434e-01
    4.77358520e-01 7.59433985e-01 4.89622653e-01 7.06603765e-01
    4.64150965e-01 7.68867970e-01 6.41509473e-01 4.22641516e-01
    6.39622629e-01 4.00943398e-01 5.97169816e-01 3.60377371e-01
    5.47169805e-01 5.77358484e-01 3.52830201e-01 5.94339669e-01
    3.96226436e-01 5.45283020e-01 4.47169840e-01 7.07547188e-01
    4.69811320e-01 7.62264192e-01 8.90566051e-01 5.41509449e-01
    8.57547164e-01 5.32075465e-01 8.05660427e-01 5.23584902e-01
    8.77358496e-01 4.77358520e-01 7.91509449e-01 8.99056613e-01
    5.76415122e-01 9.02830184e-01 5.86792469e-01 1. 5.90566039e-01
    8.99056613e-01 8.42452824e-01 6.09433949e-01 8.90566051e-01
    5.79245269e-01 8.63207579e-01 5.55660367e-01 8.35849106e-01
    5.62264144e-01 8.07547212e-01 8.68867934e-01 5.25471687e-01
    8.14150989e-01 5.02830207e-01 7.03773618e-01 4.37735856e-01
    6.01886809e-01 3.11320782e-01 4.60377395e-01 3.57547194e-01
    1.91509455e-01 2.36792475e-01 1.19811319e-01 1.76415086e-01
    1.13207541e-01 2.89622664e-01 2.05660403e-01 5.84905669e-02
    5.56603745e-02 0. 2.54716948e-02 7.54716992e-03 2.73584947e-02
    1.81132078e-01 7.83018842e-02 6.13207594e-02 7.54716992e-03
    3.11320797e-02 1.13207549e-02 4.05660346e-02 1.45283014e-01
    1.17924534e-01 3.93396229e-01</data></hist_v>
</opencv_storage>
