<?xml version="1.0"?>
<opencv_storage>
<hist_h type_id="opencv-matrix">
  <rows>50</rows>
  <cols>1</cols>
  <dt>f</dt>
  <data>
    1. 1.43226199e-02 3.06587648e-02 3.01914752e-01 1.50558472e-01
    8.38082209e-02 6.04437366e-02 2.31745318e-02 9.25461575e-02
    1.03487574e-01 4.65390161e-02 1.75138675e-02 1.36767724e-03
    7.67418882e-03 9.49775800e-04 4.33097780e-03 1.02575799e-03 0.
    1.02575794e-02 5.28075360e-03 8.98108035e-02 9.91565920e-03
    2.74219304e-01 1.07818551e-01 9.95365158e-03 3.19124684e-02
    2.70496160e-02 1.27649885e-02 2.81513575e-02 9.64972191e-03
    2.10470334e-02 1.22711044e-02 4.25499585e-03 3.26722898e-02
    1.10174008e-02 1.98313203e-02 5.62267331e-03 7.59820687e-05
    4.71088802e-03 1.06374896e-03 2.08950695e-03 5.62267331e-03
    3.41919309e-04 2.20347987e-03 1.59562344e-03 2.05531493e-02
    3.07727372e-03 1.37527548e-02 1.01436060e-02 2.50740815e-03</data></hist_h>
<hist_s type_id="opencv-matrix">
  <rows>50</rows>
  <cols>1</cols>
  <dt>f</dt>
  <data>
    1. 3.43105286e-01 7.28513151e-02 5.47686256e-02 4.99739721e-02
    4.15079854e-02 3.12611312e-02 3.15899067e-02 3.43023092e-02
    2.33157072e-02 2.60829069e-02 2.06854977e-02 1.56990606e-02
    1.42469658e-02 1.23291053e-02 1.16989510e-02 1.41373742e-02
    1.51511002e-02 1.78361051e-02 2.10416727e-02 2.00553443e-02
    2.21375935e-02 2.03293245e-02 1.87128410e-02 1.27126770e-02
    1.15619609e-02 7.61664705e-03 6.10975642e-03 3.97271151e-03
    2.32883100e-03 1.53428863e-03 1.12331845e-03 4.10970184e-04
    3.83572158e-04 8.21940339e-05 5.47960226e-05 1.36990056e-04
    2.73980113e-05 0. 0. 0. 0. 0. 0. 0. 0. 0. 0. 0. 0.</data></hist_s>
<hist_v type_id="opencv-matrix">
  <rows>100</rows>
  <cols>1</cols>
  <dt>f</dt>
  <data>
    0. 0. 0. 0. 0. 0. 0. 0. 2.95726757e-04 7.39316893e-05 2.21795068e-04
    5.91453514e-04 2.21795068e-04 2.95726757e-04 2.95726757e-04
    5.17521810e-04 7.39316922e-04 8.87180271e-04 5.17521810e-04
    1.62649713e-03 1.40470208e-03 1.77436054e-03 1.40470208e-03
    2.58760923e-03 1.84829219e-03 3.62265273e-03 3.69658438e-03
    2.88333581e-03 4.43590153e-03 3.10513098e-03 5.91453537e-03
    4.65769647e-03 6.94957888e-03 7.76282744e-03 6.87564723e-03
    1.01286415e-02 9.31539293e-03 1.57474503e-02 1.15333432e-02
    1.93701033e-02 1.33816358e-02 2.52107065e-02 3.15688327e-02
    2.28448920e-02 4.19932008e-02 3.02380603e-02 4.55419198e-02
    3.23820785e-02 5.42658605e-02 3.40085775e-02 5.35265431e-02
    6.10675737e-02 3.73355038e-02 5.95150106e-02 3.93316597e-02
    5.74449226e-02 3.76312286e-02 5.45615852e-02 5.17521836e-02
    3.69658433e-02 5.31568862e-02 3.83705460e-02 5.03474809e-02
    3.51914838e-02 5.07910699e-02 3.47478949e-02 5.38961999e-02
    5.89974895e-02 4.34718318e-02 6.25462085e-02 4.28064466e-02
    6.59470633e-02 4.37675603e-02 6.56513423e-02 4.65769656e-02
    7.90329725e-02 7.61496425e-02 5.48573136e-02 8.55389610e-02
    6.62427917e-02 1.03504367e-01 6.46162927e-02 1.01138555e-01
    1.02469318e-01 7.45231435e-02 1.19547538e-01 7.81457946e-02
    1.14889845e-01 7.51885250e-02 1.11562923e-01 7.09004924e-02
    1.10675737e-01 1.23022333e-01 9.03445259e-02 1.53703988e-01
    1.12819761e-01 2.16398060e-01 1.84015974e-01 1. 2.77835280e-01</data></hist_v>
</opencv_storage>
