<?xml version="1.0"?>
<opencv_storage>
<hist_h type_id="opencv-matrix">
  <rows>50</rows>
  <cols>1</cols>
  <dt>f</dt>
  <data>
    4.69189405e-01 4.66397852e-01 2.11228296e-01 2.08023161e-01
    1.31513655e-01 1.56327546e-01 2.56513655e-01 3.23201001e-01
    5.05376339e-01 8.34574044e-01 1. 7.13502884e-01 3.05624485e-01
    1.95719600e-01 2.19189413e-02 5.47973532e-03 6.20347389e-04 0.
    1.03391230e-03 5.16956148e-04 1.03391230e-03 0. 0. 2.06782468e-04 0.
    2.06782468e-04 0. 0. 0. 0. 1.03391230e-03 1.34408602e-03 0.
    2.37799832e-03 3.20512825e-03 3.51530197e-03 1.33374687e-02
    2.79156328e-03 1.35442512e-02 2.03680731e-02 4.71464023e-02
    3.54631916e-02 5.66583946e-02 1.54052943e-01 1.78143099e-01
    3.23821336e-01 3.72932196e-01 5.02894938e-01 4.85938787e-01
    3.78928870e-01</data></hist_h>
<hist_s type_id="opencv-matrix">
  <rows>50</rows>
  <cols>1</cols>
  <dt>f</dt>
  <data>
    1.30884042e-02 2.02066600e-02 4.58094142e-02 1.00000001e-01
    1.81285888e-01 3.43628019e-01 5.99311113e-01 8.00574064e-01 1.
    7.78760076e-01 6.03673935e-01 4.81285870e-01 3.61308843e-01
    3.30769241e-01 3.19288164e-01 3.35935712e-01 3.76119405e-01
    3.19747418e-01 3.53731334e-01 3.10218126e-01 2.60505170e-01
    2.17566028e-01 1.86911598e-01 1.58553392e-01 1.28128588e-01
    1.40068889e-01 9.94259492e-02 7.92192891e-02 6.25717565e-02
    5.26980497e-02 4.42020670e-02 3.73134352e-02 2.74397247e-02
    2.65212413e-02 1.73363946e-02 1.51549950e-02 9.18484572e-03
    8.38117115e-03 7.11825490e-03 5.85533911e-03 4.47761221e-03
    3.78874876e-03 3.09988530e-03 1.26291614e-03 1.14810572e-03
    9.18484526e-04 3.44431726e-04 0. 0. 8.49598181e-03</data></hist_s>
<hist_v type_id="opencv-matrix">
  <rows>100</rows>
  <cols>1</cols>
  <dt>f</dt>
  <data>
    0. 0. 0. 3.27988341e-03 3.27988341e-03 1.02040824e-02 1.27551025e-02
    3.89941707e-02 8.34548101e-02 1.20991260e-01 4.05976683e-01
    5.57215750e-01 8.48760962e-01 4.43877578e-01 5.77259481e-01
    3.76457751e-01 5.13848424e-01 4.66107875e-01 3.00291568e-01
    4.27842587e-01 3.06851327e-01 4.11443174e-01 2.69314885e-01
    3.77186596e-01 2.56559789e-01 3.87026250e-01 3.60422760e-01
    2.34693885e-01 3.35276991e-01 2.09912539e-01 3.18877548e-01
    1.83309048e-01 3.23979616e-01 2.77696788e-01 1.73469394e-01
    2.68950433e-01 1.66545197e-01 2.31414005e-01 1.42857149e-01
    2.19023332e-01 1.37755111e-01 1.97521880e-01 1.89868808e-01
    1.10787176e-01 1.73469394e-01 1.00947529e-01 1.62900880e-01
    1.08600587e-01 1.69825077e-01 9.98542309e-02 1.53790087e-01
    1.49781346e-01 1.15524784e-01 1.65451899e-01 1.12973765e-01
    1.49052486e-01 1.02405250e-01 1.60349861e-01 1.76020414e-01
    1.26822159e-01 1.93148702e-01 1.34475216e-01 1.97886303e-01
    1.37755111e-01 2.12827995e-01 1.61078721e-01 2.54737616e-01
    2.55466491e-01 1.82944611e-01 2.83163279e-01 2.24125370e-01
    3.42201173e-01 2.47448996e-01 3.92857164e-01 2.90087461e-01
    4.90524799e-01 4.88702655e-01 3.91034991e-01 5.90743482e-01
    4.55903798e-01 7.34693885e-01 5.58309078e-01 9.00145829e-01
    9.47157443e-01 6.36297405e-01 1. 6.60349905e-01 9.07798886e-01
    5.92201173e-01 7.31049597e-01 4.15816337e-01 4.96720135e-01
    3.64431500e-01 1.94970846e-01 2.27040827e-01 1.18804671e-01
    1.62900880e-01 1.02769680e-01 1.35932952e-01 3.04664731e-01</data></hist_v>
</opencv_storage>
