<?xml version="1.0"?>
<opencv_storage>
<hist_h type_id="opencv-matrix">
  <rows>50</rows>
  <cols>1</cols>
  <dt>f</dt>
  <data>
    5.67294240e-01 4.98605341e-01 6.78521574e-01 8.84414196e-01
    5.91178477e-01 7.66387701e-01 1. 6.05648518e-01 6.10355616e-01
    4.44037676e-01 1.38075307e-01 8.01952630e-02 5.92747610e-03
    2.28382144e-02 3.13807535e-03 5.57880104e-03 5.23012597e-04 0.
    2.10948382e-02 1.41213397e-02 7.06067011e-02 6.97350129e-04
    9.34449136e-02 4.44560647e-02 2.05718260e-02 2.37099025e-02
    3.20781022e-02 0. 3.38214785e-02 1.22036273e-03 7.33961016e-02
    7.20013976e-02 2.44072522e-03 2.17747554e-01 2.82078117e-01
    2.28905156e-01 4.53277558e-01 2.17398882e-01 2.59937257e-01
    1.19246863e-01 3.90864730e-01 2.02580199e-01 5.35216182e-02
    4.14923310e-01 2.07461640e-01 3.94874483e-01 2.07287312e-01
    1.82008371e-01 2.43549511e-01 1.72419801e-01</data></hist_h>
<hist_s type_id="opencv-matrix">
  <rows>50</rows>
  <cols>1</cols>
  <dt>f</dt>
  <data>
    6.87977612e-01 5.35694301e-01 6.70456648e-01 6.08387709e-01
    7.50605762e-01 9.29729700e-01 9.99999940e-01 7.30288923e-01
    7.36812651e-01 7.04753041e-01 7.91053116e-01 8.20503235e-01
    7.83597350e-01 7.42218077e-01 5.63094139e-01 4.22926366e-01
    3.52283329e-01 2.04287037e-01 1.28424972e-01 9.61789340e-02
    7.04566613e-02 5.23765124e-02 4.11929153e-02 3.22460383e-02
    2.06896551e-02 1.95712950e-02 1.52842496e-02 1.11835971e-02
    7.64212431e-03 9.50605795e-03 4.47343849e-03 6.15097815e-03
    3.72786564e-03 5.40540507e-03 1.49114628e-03 1.49114628e-03
    1.49114628e-03 9.31966468e-04 1.30475301e-03 3.72786599e-04 0.
    1.86393285e-04 7.45573139e-04 5.59179869e-04 1.86393285e-04
    7.45573139e-04 0. 0. 3.72786599e-04 3.16868583e-03</data></hist_s>
<hist_v type_id="opencv-matrix">
  <rows>100</rows>
  <cols>1</cols>
  <dt>f</dt>
  <data>
    3.98247706e-04 7.96495355e-04 0. 1.19474309e-03 3.98247706e-04
    7.56670628e-03 1.35404225e-02 5.05774580e-02 5.45599349e-02
    3.90282758e-02 6.84986040e-02 6.77021071e-02 1.35404214e-01
    9.15969685e-02 1.62485063e-01 1.03942648e-01 1.65671051e-01
    1.64874554e-01 1.30625248e-01 1.57706097e-01 1.17483072e-01
    1.97132617e-01 1.38590202e-01 2.31780171e-01 1.81202710e-01
    2.79968143e-01 3.52050960e-01 2.56073266e-01 4.58781362e-01
    2.95499802e-01 5.34448445e-01 4.19354826e-01 6.25647187e-01
    6.78215861e-01 4.81481463e-01 7.61847913e-01 5.26483476e-01
    8.99641573e-01 6.29629672e-01 9.63361204e-01 6.84587836e-01
    9.80087638e-01 1. 6.37196362e-01 8.98048580e-01 6.16885722e-01
    8.32735956e-01 5.50378382e-01 7.73795307e-01 4.98207867e-01
    6.88570321e-01 6.26443684e-01 3.61608922e-01 4.99800891e-01
    2.60453999e-01 3.43687773e-01 2.20230982e-01 2.66427726e-01
    2.61648744e-01 1.58502594e-01 2.21823975e-01 1.31421745e-01
    1.52130619e-01 1.03942648e-01 1.53723612e-01 9.95619223e-02
    1.45360410e-01 1.38590202e-01 8.84109885e-02 1.29828751e-01
    8.60215053e-02 1.16686575e-01 8.20390284e-02 1.12305850e-01
    8.48267600e-02 1.11907601e-01 1.21067300e-01 8.60215053e-02
    1.21863797e-01 8.16407800e-02 1.24651536e-01 8.04460347e-02
    1.12305850e-01 1.35005966e-01 7.92512894e-02 1.19474314e-01
    8.12425315e-02 1.26244515e-01 8.84109885e-02 1.29828751e-01
    8.80127400e-02 1.35404214e-01 1.45360410e-01 1.17483072e-01
    1.54121861e-01 1.02349661e-01 1.86778173e-01 1.21863797e-01
    2.19434485e-01 5.20509779e-01</data></hist_v>
</opencv_storage>
