<?xml version="1.0"?>
<opencv_storage>
<hist_h type_id="opencv-matrix">
  <rows>50</rows>
  <cols>1</cols>
  <dt>f</dt>
  <data>
    1.72500342e-01 1.90489471e-01 1.02635622e-01 4.33133483e-01
    2.09873095e-01 3.60898077e-01 4.61720824e-01 7.79528677e-01 1.
    6.39938653e-01 1.21600904e-01 5.95453978e-02 1.58973653e-02
    1.38056055e-02 2.13359352e-02 4.32296768e-02 1.84074752e-02
    6.97252899e-03 1.45028587e-02 2.78901123e-03 8.92483629e-03 0.
    1.25505514e-02 1.82680245e-02 1.71524193e-02 4.51819822e-02
    7.37693533e-02 3.36075872e-02 9.14795771e-02 6.05215505e-02
    1.26481652e-01 1.32756934e-01 1.34988144e-01 3.65360454e-02
    1.43634081e-02 1.57579146e-02 4.68553901e-02 1.95230804e-02
    8.26941878e-02 8.22758377e-02 1.33175284e-01 7.43271559e-02
    2.45432984e-02 1.69432431e-01 1.53674513e-01 2.23678708e-01
    1.69292986e-01 1.90907821e-01 1.36801004e-01 7.87895694e-02</data></hist_h>
<hist_s type_id="opencv-matrix">
  <rows>50</rows>
  <cols>1</cols>
  <dt>f</dt>
  <data>
    1.56729504e-01 6.50591850e-01 1. 8.68259549e-01 5.64883828e-01
    5.26961863e-01 4.98027205e-01 4.60982025e-01 4.77202982e-01
    3.47435325e-01 3.27049553e-01 3.55107427e-01 3.77027631e-01
    4.04427886e-01 3.98728639e-01 4.19772029e-01 4.88382280e-01
    4.15826380e-01 3.96317422e-01 3.87110919e-01 3.53792191e-01
    3.11047792e-01 2.71153003e-01 2.20078915e-01 1.95309073e-01
    2.09338009e-01 1.54537484e-01 1.25383601e-01 1.01271376e-01
    9.40377042e-02 7.21174926e-02 6.29110038e-02 4.40596230e-02
    4.20868061e-02 2.54274458e-02 1.88513808e-02 1.81937758e-02
    9.42569040e-03 1.11793075e-02 1.16177117e-02 6.13765884e-03
    3.94563749e-03 4.60324436e-03 4.16484009e-03 6.57606171e-04
    1.75361685e-03 1.31521258e-03 3.72643559e-03 0. 2.56466474e-02</data></hist_s>
<hist_v type_id="opencv-matrix">
  <rows>100</rows>
  <cols>1</cols>
  <dt>f</dt>
  <data>
    0. 3.65130068e-03 3.65130068e-03 8.67183879e-03 5.93336346e-03
    1.91693287e-02 2.78411675e-02 6.48105890e-02 1.51072562e-01
    1.51072562e-01 2.41442263e-01 2.40073025e-01 4.19899583e-01
    3.19488823e-01 5.16202629e-01 3.49612027e-01 6.17069840e-01
    6.54952049e-01 4.48653579e-01 7.09721565e-01 5.18028259e-01
    7.40301192e-01 4.74212676e-01 7.11090803e-01 4.34048355e-01
    6.89639390e-01 6.73664987e-01 4.42720205e-01 6.29392982e-01
    4.14422631e-01 6.24372423e-01 3.82930160e-01 5.51346421e-01
    5.70515752e-01 3.61022353e-01 5.34002721e-01 3.78366023e-01
    5.20766735e-01 3.50981265e-01 4.93382007e-01 3.28617066e-01
    5.17571867e-01 5.06617963e-01 3.61935169e-01 5.39936066e-01
    3.43678683e-01 4.73299861e-01 2.68827021e-01 3.66042882e-01
    2.27749884e-01 2.81150162e-01 2.58785933e-01 1.54267460e-01
    2.32770413e-01 1.54267460e-01 2.13144675e-01 1.30077586e-01
    1.85759917e-01 1.75262436e-01 1.18667275e-01 1.58375174e-01
    9.26517546e-02 1.20036513e-01 7.53080770e-02 9.99543592e-02
    6.57234117e-02 7.02875406e-02 6.84618875e-02 4.29027826e-02
    6.02464601e-02 4.29027826e-02 6.29849359e-02 4.15335447e-02
    5.84208108e-02 4.70104963e-02 5.24874479e-02 4.92925607e-02
    3.51437703e-02 5.11182100e-02 3.37745324e-02 5.88772222e-02
    5.11182100e-02 9.31081697e-02 1.11364670e-01 7.48516619e-02
    1.03605658e-01 7.34824240e-02 8.07850286e-02 4.51848470e-02
    5.06617986e-02 3.10360566e-02 2.87539922e-02 2.69283429e-02
    2.73847543e-02 3.42309438e-02 2.82975808e-02 7.85029680e-02
    9.40209925e-02 3.49612027e-01 1.</data></hist_v>
</opencv_storage>
