<?xml version="1.0"?>
<opencv_storage>
<hist_h type_id="opencv-matrix">
  <rows>50</rows>
  <cols>1</cols>
  <dt>f</dt>
  <data>
    1.21567219e-01 4.41036932e-03 8.20533838e-04 2.02312879e-02
    2.38467641e-02 4.53601368e-02 1.35234237e-01 1.54106513e-01
    2.81981587e-01 9.01561558e-01 9.88871455e-01 9.37177837e-01
    4.29857165e-01 4.90268975e-01 4.13677275e-01 1. 2.35775277e-01
    1.85107306e-01 2.74724990e-01 1.44644737e-01 1.53080851e-01
    6.18220977e-02 9.88230407e-02 5.46424240e-02 2.71801837e-02
    2.78981514e-02 2.79237926e-02 5.15397824e-03 2.60775909e-02
    3.05136014e-03 2.28210967e-02 1.13592651e-02 2.56416824e-04
    1.91030540e-02 3.64111899e-03 7.74378795e-03 2.84622679e-03 0.
    6.87197084e-03 4.61550284e-04 3.07700178e-03 5.38475346e-04
    5.12833649e-05 2.25646794e-03 1.07695069e-03 1.67183764e-02
    7.69250473e-05 3.20521020e-03 7.48737110e-03 3.33341886e-04</data></hist_h>
<hist_s type_id="opencv-matrix">
  <rows>50</rows>
  <cols>1</cols>
  <dt>f</dt>
  <data>
    5.40516198e-01 9.99999940e-01 2.42425844e-01 1.42031908e-01
    9.98992994e-02 1.02354832e-01 9.58185345e-02 9.66841504e-02
    1.42703205e-01 1.26309469e-01 1.31043866e-01 1.57118380e-01
    1.57118380e-01 1.67947426e-01 1.63213030e-01 1.73105806e-01
    1.99604288e-01 1.58637628e-01 1.55952454e-01 1.49168834e-01
    1.35795936e-01 1.23253308e-01 1.12247601e-01 9.35573280e-02
    7.50790536e-02 8.11207071e-02 5.11067510e-02 4.23269197e-02
    3.12505513e-02 2.73287762e-02 1.85666084e-02 1.62700731e-02
    1.26132816e-02 1.20303147e-02 7.13692652e-03 5.03471307e-03
    5.03471307e-03 3.62145994e-03 2.72051152e-03 2.84417113e-03
    1.71356881e-03 1.25426170e-03 1.02460827e-03 8.47951684e-04
    5.12304134e-04 6.18298072e-04 1.76656584e-04 3.53313168e-04 0.
    4.71673114e-03</data></hist_s>
<hist_v type_id="opencv-matrix">
  <rows>100</rows>
  <cols>1</cols>
  <dt>f</dt>
  <data>
    0. 1.23776635e-03 2.07253895e-03 7.88716134e-03 1.29821524e-02
    3.88313159e-02 4.33506034e-02 9.10189971e-02 1.37334481e-01
    1.31145656e-01 2.63874501e-01 2.15457678e-01 3.26367289e-01
    2.06102476e-01 2.84513533e-01 1.60046056e-01 2.19919398e-01
    2.02014968e-01 1.25474960e-01 1.71675295e-01 1.06649391e-01
    1.51698321e-01 9.57685634e-02 1.36269420e-01 8.78526196e-02
    1.19314909e-01 1.12953365e-01 7.06678182e-02 9.89061594e-02
    6.16868138e-02 8.60967189e-02 5.50374202e-02 7.95624629e-02
    7.13010952e-02 4.39838804e-02 6.19458854e-02 4.20552678e-02
    5.76856621e-02 3.58952209e-02 5.09211272e-02 3.08002289e-02
    4.60276306e-02 4.54519279e-02 2.65400112e-02 4.05584313e-02
    2.49280371e-02 3.47438082e-02 2.17904430e-02 3.13183628e-02
    1.82498563e-02 2.55037416e-02 2.54461728e-02 1.71272308e-02
    2.67415084e-02 1.77029371e-02 2.96776053e-02 2.00057570e-02
    3.09729408e-02 2.83534825e-02 1.92285553e-02 2.70869322e-02
    1.64939556e-02 2.54461728e-02 1.68393794e-02 2.49568224e-02
    1.81635004e-02 2.51871049e-02 2.54749563e-02 1.46516981e-02
    2.44674738e-02 1.61773171e-02 2.13586651e-02 1.37881404e-02
    1.86816361e-02 1.16868159e-02 1.79044325e-02 1.80483591e-02
    1.18595278e-02 1.69545189e-02 1.07081169e-02 1.67530235e-02
    1.06505463e-02 1.95164084e-02 2.23085787e-02 1.27518708e-02
    2.01784689e-02 1.56303979e-02 2.90155448e-02 2.79217046e-02
    4.25733998e-02 2.80080605e-02 7.12723061e-02 9.16234851e-02
    6.01324104e-02 1.30368456e-01 1.45854920e-01 4.42688525e-01
    4.19027060e-01 1. 4.10132408e-01</data></hist_v>
</opencv_storage>
